Module_7_Misc/data/palights.txt
ncols         700
nrows         307
xllcorner     -80.52083373125
yllcorner     39.71250014115
cellsize      0.0083333333
NODATA_value  -9999
[rows 60 to 119 of 307, columns 480 to 575 of 700]
7 7 8 11 15 24 32 35 41 44 43 39 36 32 26 20 17 13 11 10 9 9 9 9 9 9 9 9 10 9 8 8 7 6 7 7 6 6 6 7 6 7 9 10 10 11 10 9 9 7 7 7 7 7 8 8 9 9 10 9 8 8 6 7 7 7 7 8 7 8 9 10 12 13 15 15 14 14 13 12 11 10 10 12 11 12 11 10 8 8 7 7 6 6 7 7
7 8 9 10 13 18 21 27 31 36 35 32 31 27 21 17 15 13 11 10 11 11 10 10 10 9 9 9 10 9 8 8 8 6 7 7 6 6 6 6 6 7 9 10 10 11 11 10 10 9 8 8 7 7 8 8 9 9 8 7 7 6 6 7 7 7 8 8 8 8 10 11 14 15 17 17 16 16 13 11 10 10 10 12 11 11 11 9 8 8 8 7 6 6 6 7
7 8 9 10 12 14 16 20 23 24 23 22 17 15 13 12 11 11 11 11 11 11 10 10 11 10 9 10 10 9 8 8 8 7 7 7 7 6 6 6 6 7 8 9 9 9 10 10 10 9 9 9 9 8 9 9 9 8 8 7 7 6 6 7 7 8 9 8 8 9 10 13 15 17 18 18 16 14 12 10 10 9 10 11 10 9 9 9 8 8 8 7 7 7 7 7
7 7 9 10 11 13 14 15 15 12 13 12 11 11 10 10 10 10 11 10 11 11 11 11 11 11 11 10 10 8 9 8 7 7 7 7 6 7 6 6 6 6 7 8 8 9 8 9 9 9 9 9 9 8 9 9 9 8 8 7 7 7 7 7 7 7 8 8 8 9 10 13 15 15 16 15 14 12 10 9 9 9 9 9 9 8 7 7 6 7 7 7 7 7 7 8
7 8 9 11 12 12 12 13 12 11 10 10 9 9 9 9 9 10 11 12 12 13 13 12 11 11 11 10 10 9 8 8 8 8 8 8 7 8 7 7 7 7 6 6 7 7 7 8 9 9 9 9 9 8 9 8 8 8 8 7 7 7 7 7 7 7 8 8 8 9 11 13 13 14 14 12 11 8 8 8 8 8 8 7 7 7 7 6 7 7 7 7 8 7 8 8
7 8 9 11 12 12 12 12 11 11 9 10 9 9 9 10 10 10 11 12 12 13 13 13 11 11 10 10 9 9 8 8 8 8 8 9 8 8 8 7 7 7 6 6 7 7 8 8 9 8 8 9 8 7 8 8 8 8 8 7 6 7 7 8 7 7 8 8 8 10 11 12 12 12 10 9 8 7 7 7 7 7 8 7 7 7 7 7 7 7 7 8 8 7 7 7
7 8 9 10 11 11 11 11 10 9 9 10 9 9 10 9 9 10 11 12 13 14 13 13 11 9 9 9 9 9 9 9 10 10 10 10 9 9 8 7 7 7 7 6 7 7 7 8 8 8 8 7 7 7 8 8 8 7 7 7 7 6 7 7 7 7 8 9 9 11 12 12 12 12 10 9 8 7 7 7 7 7 7 7 7 6 6 7 7 8 8 8 8 7 7 7
7 7 8 8 9 9 9 9 9 9 8 9 9 9 9 9 9 10 10 11 11 11 11 11 10 10 10 10 9 11 11 12 13 12 11 10 9 9 9 8 8 7 7 7 7 8 7 8 8 7 7 6 6 7 7 7 7 7 7 7 7 7 8 8 7 6 7 8 9 10 12 13 12 11 10 8 8 7 7 7 7 7 7 6 6 6 6 6 7 8 8 8 8 7 6 6
6 6 7 7 7 8 8 8 8 8 8 8 8 8 8 8 8 8 8 10 11 11 11 10 10 10 11 11 12 14 15 15 15 14 12 10 9 8 9 9 8 8 7 8 7 8 7 7 7 7 7 6 6 6 7 7 7 7 7 7 8 8 8 8 8 7 7 8 9 10 12 12 12 11 10 8 7 6 7 7 7 7 7 7 7 6 6 6 7 7 7 8 7 7 7 6
6 6 6 6 7 6 7 7 7 7 7 7 7 7 7 8 7 8 9 9 10 10 11 10 10 10 12 13 17 19 20 21 19 16 13 9 8 8 8 9 8 8 8 8 8 8 8 7 7 7 6 6 6 6 7 7 7 7 7 7 8 8 8 8 8 8 7 8 9 9 10 11 11 10 9 8 7 7 7 7 7 7 7 7 7 7 6 6 6 6 6 6 6 6 6 6
5 5 5 5 5 5 6 6 6 6 6 6 6 7 7 7 7 8 8 8 9 8 8 8 8 10 11 13 18 22 23 23 22 19 15 11 9 8 8 9 9 9 10 10 9 9 9 8 8 7 7 7 6 6 7 7 7 7 7 7 7 7 7 7 9 9 8 9 10 9 10 9 10 10 10 9 8 7 7 7 7 7 7 7 7 7 6 6 6 6 6 6 6 6 6 6
5 5 5 6 5 5 5 5 5 6 5 5 5 6 6 6 7 7 7 7 7 7 7 8 8 9 11 13 17 24 25 25 24 19 15 11 10 9 9 9 9 10 10 11 11 10 9 8 7 7 7 7 6 6 6 7 7 7 7 7 7 7 9 10 10 10 10 10 11 10 9 10 9 10 9 9 8 8 8 7 7 7 8 7 7 7 6 6 7 7 6 6 6 6 6 6
5 5 5 5 5 5 5 5 5 5 5 5 5 5 6 6 7 7 7 6 7 7 7 7 7 8 10 12 16 21 23 24 22 19 14 12 9 9 9 9 10 11 12 12 11 11 9 8 7 6 6 6 6 6 7 6 7 7 7 7 8 8 9 10 11 11 11 11 11 10 9 9 8 8 8 8 7 7 7 6 6 7 7 7 7 7 7 7 7 7 7 6 6 7 6 7
4 5 5 4 5 6 5 5 5 5 6 5 6 6 6 6 6 6 7 6 6 7 7 7 7 7 8 10 13 17 19 20 18 15 11 9 9 9 10 11 11 12 13 12 11 10 9 7 7 6 6 6 6 6 7 7 7 8 8 8 8 8 9 10 11 12 12 12 11 11 9 9 8 7 7 6 6 6 6 6 6 7 6 7 7 8 8 8 7 7 7 7 6 6 6 6
5 5 5 5 5 5 6 6 6 5 6 6 6 6 6 6 7 6 7 6 7 7 7 7 7 7 7 8 10 12 13 14 13 12 10 8 8 9 10 11 12 13 13 12 11 9 8 7 7 6 7 6 7 7 8 9 9 8 9 9 8 9 10 11 11 11 11 11 11 10 9 8 8 7 7 6 7 6 6 6 6 6 7 7 7 8 9 9 9 8 7 6 6 6 6 6
5 5 5 6 6 6 6 6 6 6 6 6 7 7 8 7 7 7 6 6 6 7 7 7 7 7 7 8 9 9 9 9 8 9 8 8 8 9 10 11 11 12 12 12 10 9 8 8 7 7 7 7 8 8 10 10 11 10 10 10 9 10 9 9 11 11 11 11 10 10 10 8 8 7 7 7 7 6 6 6 6 6 7 7 8 9 9 10 10 10 8 7 6 6 6 6
5 5 5 6 6 6 6 6 6 6 6 7 7 7 7 7 7 7 6 6 6 7 7 7 8 8 8 8 8 8 7 7 7 7 8 8 8 8 10 10 10 11 10 9 9 9 8 9 8 8 8 8 8 10 11 12 13 13 14 13 13 13 12 12 12 11 9 9 10 9 8 8 7 7 7 7 7 7 7 6 6 6 6 7 8 9 10 11 10 10 9 8 8 7 7 6
5 5 5 6 6 6 7 7 6 7 7 7 7 7 7 6 6 6 6 6 7 7 8 8 8 8 8 8 8 8 7 7 7 7 8 8 8 8 9 9 8 8 8 9 8 8 9 8 8 8 8 8 8 9 11 14 16 19 19 20 21 18 16 13 11 11 9 8 9 9 8 8 8 7 7 8 7 7 7 7 7 7 7 7 8 9 10 10 9 9 9 8 7 7 7 7
5 5 5 5 6 6 7 7 7 8 8 7 7 7 7 6 5 5 6 6 6 7 8 8 8 8 8 7 7 6 6 6 6 7 7 7 8 8 7 8 8 7 7 7 7 7 8 8 8 7 7 8 8 9 12 15 19 23 26 26 25 23 19 17 13 12 11 9 10 9 9 9 8 8 8 8 8 8 8 7 7 8 8 8 8 9 9 10 9 8 9 9 8 8 8 8
5 5 5 5 6 6 7 8 9 9 8 8 6 6 6 6 6 5 6 6 7 7 8 7 7 7 8 8 7 6 6 6 5 6 7 7 7 8 8 8 8 7 6 6 6 6 7 7 7 7 7 7 8 10 15 18 22 27 31 31 29 27 23 19 16 13 12 11 10 10 9 8 9 9 9 9 9 9 9 9 9 9 9 10 10 10 10 10 10 9 9 9 9 9 8 9
5 6 5 6 6 6 7 8 8 8 8 7 6 6 6 6 6 6 7 7 7 7 7 7 7 7 8 7 7 7 6 6 6 6 7 7 8 8 8 8 7 7 7 6 6 6 6 6 7 7 7 8 11 15 19 22 26 32 33 32 29 26 23 19 18 16 14 13 10 10 8 8 8 8 9 9 10 9 9 9 9 8 10 11 12 12 12 12 11 11 10 9 9 9 8 8
5 5 5 5 6 6 6 7 7 7 6 7 6 6 6 6 6 6 7 7 7 7 8 7 7 7 7 7 7 7 6 6 6 7 7 8 8 9 8 8 8 7 7 6 6 6 6 6 6 7 7 10 12 18 24 30 32 34 33 31 27 23 21 20 21 19 18 16 12 11 9 8 8 8 9 9 9 9 9 8 8 9 10 11 13 14 15 15 14 13 11 10 10 9 8 9
5 5 5 5 5 5 5 6 6 6 6 6 6 6 7 7 6 7 7 8 9 8 9 8 7 7 6 6 6 6 7 6 6 7 7 7 7 8 8 7 7 7 6 6 6 6 7 7 7 7 7 9 14 20 26 33 34 34 30 28 20 18 18 21 21 23 22 19 15 13 12 9 9 9 9 9 9 8 8 7 7 8 9 11 13 14 17 17 17 16 15 13 11 10 9 8
6 6 6 5 5 5 5 5 5 5 6 6 6 7 7 7 7 7 7 8 8 9 9 8 7 7 6 6 6 6 7 6 6 6 7 7 7 7 7 7 6 6 5 5 6 6 6 7 8 7 7 9 12 18 25 29 30 29 25 20 16 14 15 18 22 25 26 25 23 19 17 13 10 9 9 10 9 9 8 8 8 8 9 10 12 14 18 20 20 19 18 16 13 11 10 9
5 6 6 6 6 6 5 6 5 5 6 6 7 7 7 7 7 7 7 8 9 9 8 7 7 7 6 6 5 6 6 6 5 5 5 5 6 6 6 6 6 6 5 5 6 6 6 7 8 7 7 8 11 15 18 22 23 21 16 12 11 11 13 17 25 28 31 31 30 26 20 16 13 11 10 10 9 9 8 8 8 8 9 10 11 14 16 19 20 20 20 19 18 16 14 12
5 5 5 6 6 6 5 5 6 6 6 7 7 8 8 8 8 7 7 7 7 8 8 8 7 6 6 5 5 6 6 6 6 5 5 5 5 5 6 6 6 6 5 5 6 6 6 6 7 7 7 7 8 10 12 13 12 12 10 9 8 9 11 16 24 29 34 38 36 33 26 22 16 11 9 9 9 9 8 8 7 7 7 8 9 11 13 15 17 18 19 19 20 20 18 18
5 5 5 5 5 5 5 5 6 6 7 8 9 11 10 9 9 7 7 7 7 7 8 7 7 7 6 6 5 5 6 6 5 5 6 5 6 6 6 6 5 5 5 5 5 6 6 7 7 7 6 7 7 8 8 10 9 8 7 6 6 7 10 13 21 30 39 43 43 39 34 25 16 12 8 8 8 9 8 8 8 7 7 8 8 9 10 12 13 15 17 19 21 22 23 24
5 4 5 5 5 5 5 6 6 6 8 10 14 16 15 12 10 8 7 6 6 7 7 7 7 6 6 6 5 5 5 6 5 5 5 6 6 6 6 5 5 5 5 5 6 6 6 6 7 7 6 6 6 6 7 7 7 7 7 6 6 6 7 12 19 32 38 44 46 42 34 23 16 12 8 8 8 9 9 10 9 9 9 8 8 7 8 9 11 12 15 17 20 25 29 32
5 5 5 5 5 5 5 5 7 7 10 13 15 16 16 13 11 8 7 6 6 6 6 6 6 5 5 5 5 5 5 6 5 5 5 5 5 6 5 5 5 5 5 5 5 5 6 6 7 7 6 6 6 7 7 7 7 7 7 7 6 6 7 9 15 26 32 37 40 34 28 19 15 11 8 7 8 9 10 11 11 11 10 9 9 8 8 8 9 11 13 16 21 26 33 38
4 4 5 5 5 5 5 5 7 7 8 12 15 15 15 13 11 8 7 6 5 5 5 6 5 5 5 5 5 5 5 5 5 5 4 4 5 5 5 5 5 4 5 5 5 5 6 6 6 6 6 6 6 7 7 7 7 7 7 6 6 6 7 8 11 19 23 29 29 25 20 16 11 9 8 8 8 9 11 12 12 12 12 11 10 9 8 9 9 10 11 16 21 28 35 42
4 4 5 5 5 5 5 5 6 7 7 11 11 9 9 9 8 7 6 6 5 5 5 5 5 5 5 5 4 5 5 4 4 4 4 5 5 4 4 4 4 4 5 5 5 5 5 6 6 6 6 6 6 6 6 7 7 7 7 6 7 7 6 7 8 11 14 13 15 16 13 12 9 8 8 7 8 10 11 12 13 13 13 11 10 9 9 9 9 10 11 17 21 33 41 49
4 4 4 4 5 5 5 5 5 6 7 8 8 8 8 8 7 7 5 5 5 5 5 4 5 4 4 4 4 4 4 4 4 4 4 4 4 5 5 4 4 4 5 4 5 5 5 6 6 6 6 6 6 6 6 7 7 7 7 7 6 7 7 7 7 7 9 10 10 10 10 10 9 8 8 8 8 9 10 11 12 12 12 11 10 9 9 10 10 12 15 19 25 35 44 51
4 4 4 4 5 5 5 5 5 5 5 6 7 7 8 8 7 6 5 5 5 4 4 4 4 4 4 4 4 4 4 4 4 4 4 4 4 5 5 5 5 4 4 4 4 4 5 5 5 5 5 6 6 6 6 5 6 6 7 7 7 7 7 7 7 7 7 7 7 7 8 8 9 9 8 8 8 8 9 10 10 11 11 10 10 10 10 10 11 12 17 21 29 38 47 54
4 4 4 4 4 5 5 5 5 5 5 6 7 7 6 7 7 6 6 5 5 4 4 4 5 5 4 4 4 5 4 4 4 4 4 4 4 5 5 5 4 4 4 4 4 4 5 5 5 5 6 6 5 6 6 6 6 7 7 7 8 8 7 7 7 7 6 7 7 7 7 8 9 9 9 9 8 8 9 9 9 9 10 10 10 9 10 11 12 14 17 20 29 36 44 53
4 4 4 4 4 4 4 4 5 5 5 5 5 5 6 6 7 7 6 5 5 5 4 5 5 5 5 5 5 5 4 4 4 4 4 5 5 5 4 4 4 4 4 4 4 4 5 5 5 6 6 6 6 6 6 6 6 6 7 7 8 8 8 8 8 8 7 7 7 7 8 8 9 10 9 9 9 8 8 8 8 9 9 10 10 10 11 12 13 15 17 20 26 33 40 47
4 4 3 4 4 4 4 4 4 5 4 5 5 5 5 5 6 6 6 5 5 5 4 4 5 5 5 4 4 4 4 4 5 4 5 5 4 4 4 4 4 4 4 4 4 4 5 5 6 7 7 7 7 6 6 6 6 7 7 8 8 9 9 9 8 8 8 7 7 7 8 8 8 9 9 9 9 9 8 9 9 9 9 10 11 12 12 13 14 15 17 19 23 28 32 39
4 4 4 4 4 4 4 4 4 4 4 5 5 5 4 4 5 5 5 5 5 5 5 5 4 5 5 5 4 4 4 4 5 5 5 5 5 4 4 4 4 4 4 4 5 5 5 6 6 7 7 7 7 6 6 6 7 7 8 8 8 9 8 8 8 9 9 8 7 8 8 8 8 8 9 9 9 9 9 9 9 9 9 10 11 12 13 14 15 15 15 16 19 19 22 26
5 5 5 5 6 5 4 4 4 4 4 4 4 4 4 4 4 4 5 5 5 5 5 5 4 5 4 4 4 4 4 5 5 5 5 5 4 4 4 4 4 4 4 4 4 4 5 6 6 7 8 8 8 8 7 7 7 7 7 8 8 8 8 8 8 8 8 8 8 8 8 8 8 8 8 9 9 9 9 9 9 9 9 10 11 12 14 15 16 15 14 15 16 17 19 24
6 7 7 6 6 6 5 5 5 4 4 4 4 4 4 4 4 4 4 4 4 4 5 5 5 5 5 4 4 4 4 4 5 5 5 5 4 4 4 4 4 4 4 4 4 5 6 6 7 7 7 8 8 8 8 8 8 8 8 7 7 7 8 7 8 8 8 9 9 9 9 9 9 9 9 8 9 9 9 9 9 9 9 9 11 12 14 15 15 15 14 14 14 15 19 24
7 8 8 8 7 7 6 5 5 4 4 4 4 4 4 4 4 4 4 4 4 4 4 4 4 4 4 4 4 4 4 4 4 5 5 4 4 4 4 4 4 4 4 4 4 6 6 7 7 7 7 8 7 8 9 9 9 9 8 8 7 7 8 8 8 8 8 9 9 9 10 9 9 9 9 8 9 9 9 9 10 9 9 9 10 11 13 14 14 15 14 14 15 17 23 30
8 9 9 9 8 7 6 5 5 4 4 4 4 4 4 4 4 4 4 4 4 4 4 4 4 4 4 4 4 4 4 4 4 4 4 4 4 4 4 4 4 4 4 4 4 5 6 6 6 6 6 7 8 8 9 9 10 10 9 8 8 8 9 9 9 8 9 9 9 10 10 10 10 9 9 9 10 9 10 10 10 10 10 10 10 11 12 14 14 14 15 15 16 21 28 35
8 9 9 9 8 7 5 4 4 4 4 4 4 4 4 4 4 4 4 4 4 4 4 4 4 4 4 4 4 4 4 4 4 4 4 4 4 4 4 4 4 4 4 4 4 5 5 5 5 5 5 6 7 8 8 9 9 10 8 9 9 9 9 9 9 9 8 9 9 9 10 9 10 10 10 10 11 11 12 12 13 12 12 12 12 12 12 13 13 14 15 19 23 26 37 44
7 8 8 8 8 7 5 5 5 5 5 4 4 4 4 4 4 4 4 4 4 4 4 4 4 4 4 4 4 4 4 4 4 4 4 4 4 4 4 4 4 4 4 4 4 4 4 4 4 5 5 6 6 8 8 8 8 9 8 8 8 9 10 10 9 9 8 8 9 10 11 11 11 10 11 11 11 12 13 14 15 15 15 15 14 13 13 13 14 15 17 21 28 35 43 52
6 7 7 7 6 5 5 4 4 4 5 5 4 4 5 4 4 4 4 4 4 4 4 4 4 4 4 4 4 4 4 4 4 4 4 4 4 4 4 4 4 4 4 4 4 4 4 4 5 5 5 6 7 7 8 9 8 8 8 8 9 9 10 10 9 9 10 10 10 10 11 12 11 11 11 11 12 12 14 15 16 18 17 16 16 15 14 13 15 17 20 31 36 45 49 57
5 6 6 5 5 4 4 4 4 4 4 4 4 4 4 4 4 4 5 4 4 4 4 4 4 4 4 4 4 4 4 4 4 4 4 4 4 4 4 4 5 5 4 4 4 4 4 4 5 5 6 7 8 8 9 9 10 10 9 9 10 10 10 10 10 11 11 12 13 13 12 13 12 12 12 12 12 12 14 15 17 18 18 18 16 15 14 14 16 19 28 35 45 51 55 59
5 6 5 5 5 4 4 4 4 4 4 4 4 4 4 4 4 4 4 4 4 4 5 4 4 4 4 5 4 5 4 4 4 4 4 4 5 5 5 5 5 5 4 4 4 5 4 5 5 6 6 7 8 10 11 13 13 12 12 11 11 11 11 12 13 15 15 16 17 17 15 14 14 13 13 12 12 13 13 14 15 17 17 17 16 15 15 16 18 22 33 41 48 56 58 60
5 5 5 5 4 4 4 4 4 4 4 4 4 4 4 4 4 4 4 4 5 5 5 5 5 5 5 6 5 5 4 4 4 4 4 4 4 5 4 4 5 5 5 4 5 5 5 5 5 6 6 8 10 12 13 15 16 16 15 14 13 13 13 14 16 20 21 22 21 21 19 17 15 14 13 14 14 14 14 14 15 16 17 16 16 16 16 18 22 27 38 45 54 57 59 60
5 5 5 5 5 4 4 4 4 4 4 4 4 4 4 4 4 4 4 4 4 5 5 6 7 8 7 7 6 5 5 4 4 4 4 4 5 5 4 4 4 5 5 5 5 5 5 5 6 6 7 8 11 13 15 17 18 19 18 17 17 18 19 21 22 26 30 32 28 25 22 19 16 15 14 14 14 14 13 14 15 16 17 16 18 18 20 24 29 33 40 52 58 59 60 60
5 5 5 5 5 4 4 4 4 4 4 4 4 4 4 4 4 4 4 4 4 5 5 6 7 8 8 7 6 6 5 4 4 4 4 4 4 4 4 4 4 4 4 4 5 5 6 6 6 7 7 8 10 12 15 17 19 20 20 21 20 24 28 32 37 40 43 42 39 32 27 21 18 16 17 15 15 15 14 15 16 18 21 23 24 27 29 34 37 45 48 56 58 60 61 61
5 5 5 5 5 4 4 4 4 4 4 4 4 4 4 4 4 4 4 4 4 4 5 5 6 7 7 7 6 5 4 4 4 4 4 4 4 4 4 4 4 4 4 4 5 5 6 7 7 7 7 8 9 11 13 15 18 20 22 24 27 30 37 40 44 50 52 51 47 39 34 29 25 20 19 17 15 15 15 17 21 24 27 31 33 35 40 44 48 55 57 58 60 61 61 61
5 5 5 4 4 4 4 4 4 4 4 4 4 4 4 4 4 4 4 4 4 4 4 4 5 5 5 5 4 4 4 4 4 4 4 4 4 4 4 4 4 4 5 5 5 5 6 7 7 7 7 8 8 9 10 13 15 18 20 23 28 32 39 46 51 55 56 57 54 48 44 36 30 25 21 19 17 17 18 20 27 30 36 41 45 45 50 53 55 58 59 60 60 62 61 60
5 5 5 4 4 4 4 4 4 4 4 4 4 4 4 4 4 4 4 4 4 4 4 4 4 4 4 4 4 4 4 4 4 4 5 4 5 5 5 5 5 5 5 5 6 6 7 8 8 8 8 8 8 8 9 11 13 16 19 21 25 30 36 43 50 54 57 58 57 55 51 46 40 29 25 22 21 22 24 29 36 43 48 53 56 56 57 58 59 59 60 60 60 61 61 60
4 5 5 4 4 4 4 4 4 4 4 4 4 4 4 4 4 4 4 4 4 4 4 4 4 4 4 4 4 4 4 4 4 4 5 5 5 5 5 5 5 6 6 6 7 7 7 8 10 10 10 9 9 9 9 11 12 15 18 21 24 27 31 39 41 50 55 58 57 57 55 51 44 35 28 25 26 28 32 39 50 54 55 58 60 59 59 59 60 59 60 60 60 60 61 60
4 4 4 4 4 4 4 4 4 4 4 4 5 4 4 5 5 5 4 4 4 4 4 4 4 4 5 5 5 4 4 4 5 5 5 5 5 5 6 6 7 7 7 7 7 8 9 11 12 12 12 11 11 10 9 11 13 16 21 23 24 25 29 32 37 44 51 55 56 56 55 50 44 39 31 30 32 39 43 49 55 58 59 60 61 61 61 62 62 61 61 61 60 60 59 57
4 4 4 4 4 4 4 4 4 4 5 5 5 5 5 6 6 6 5 4 4 4 4 4 4 4 5 5 5 5 5 6 6 5 6 5 5 5 6 6 7 7 7 7 7 9 10 11 12 13 13 12 11 11 10 11 14 17 20 25 26 27 27 28 32 38 45 50 53 53 52 48 44 40 37 37 41 46 52 54 58 60 60 61 62 62 62 62 63 61 61 61 60 59 57 53
4 4 4 4 4 4 4 4 5 5 5 5 5 5 5 6 6 6 5 5 5 4 4 4 4 5 5 5 5 5 5 6 6 6 6 5 5 5 6 6 7 7 8 8 9 9 10 12 13 13 13 13 12 11 10 10 13 15 20 25 26 26 26 26 30 32 39 44 46 47 48 47 46 46 45 46 50 56 56 57 59 60 60 60 62 62 62 62 62 63 62 62 62 59 54 46
5 4 4 4 4 4 4 5 5 5 5 5 5 5 5 6 6 6 6 5 5 5 4 5 5 5 5 5 5 5 5 5 6 6 6 5 5 5 5 6 6 7 8 9 9 10 10 11 11 12 12 12 12 10 9 9 11 15 19 25 26 27 26 24 26 28 31 35 39 41 45 49 50 52 54 57 59 59 60 60 60 60 61 61 61 62 62 62 61 59 59 58 55 49 44 35
5 5 5 5 4 5 5 5 5 5 5 5 5 5 6 6 6 7 6 6 6 5 5 5 5 5 5 5 5 5 5 5 6 6 6 6 5 5 5 6 6 7 9 9 10 10 9 9 10 10 10 11 10 10 9 10 12 15 24 27 29 30 28 25 23 25 26 29 34 38 45 51 57 59 60 61 62 61 61 61 61 61 61 61 61 61 59 58 56 54 53 49 45 40 33 25
6 5 5 6 5 5 5 5 5 5 5 5 5 5 6 6 7 7 7 7 6 6 6 6 5 5 5 5 5 5 5 5 6 6 6 6 6 5 5 6 6 7 8 9 10 9 9 9 9 9 10 11 10 10 10 11 13 17 24 30 32 32 29 26 24 23 24 28 32 40 47 54 58 60 62 62 62 62 62 62 61 62 61 61 61 60 57 55 49 43 40 36 34 29 22 18
6 6 6 6 6 6 6 6 5 5 5 5 5 5 5 6 7 7 7 7 7 7 7 7 6 5 5 5 5 5 5 6 6 6 6 6 6 6 6 6 7 7 8 9 9 9 9 8 8 9 10 10 11 10 10 11 14 18 24 29 30 30 26 22 21 22 25 30 37 45 51 58 61 62 62 62 62 62 62 63 62 62 62 61 61 60 58 51 42 36 31 25 23 18 14 13
