Module_7_Misc/data/palights.txt
ncols         700
nrows         307
xllcorner     -80.52083373125
yllcorner     39.71250014115
cellsize      0.0083333333
NODATA_value  -9999
[rows 60 to 119 of 307, columns 0 to 95 of 700]
6 6 6 6 6 6 6 6 6 5 6 7 7 8 11 12 14 16 17 15 12 11 8 7 6 6 6 6 6 6 5 5 5 6 7 7 8 8 8 9 8 8 9 9 9 9 9 9 9 9 9 8 8 8 8 7 7 6 6 6 6 6 6 6 6 6 6 6 6 6 7 6 6 6 6 6 6 6 6 6 5 5 5 5 5 5 5 5 6 6 6 6 6 5 6 6
6 6 6 6 6 7 7 7 6 6 6 6 7 7 10 12 12 14 15 13 12 9 7 7 7 7 7 6 6 6 5 5 5 6 7 7 8 9 10 10 10 10 11 11 11 11 10 9 9 8 8 8 7 7 7 7 6 6 6 6 6 6 6 6 5 6 6 6 7 7 6 6 6 6 6 6 6 6 6 6 5 5 5 5 6 6 6 6 6 6 7 7 6 5 5 6
6 6 6 6 6 6 6 6 6 6 6 6 7 7 8 10 10 10 11 8 8 7 7 7 7 7 6 6 6 6 6 6 6 7 7 8 9 10 11 10 12 12 13 14 15 14 13 11 9 9 8 8 7 7 7 7 6 6 6 6 6 6 5 5 5 6 6 6 7 7 7 6 6 5 6 6 7 7 6 6 5 5 5 6 6 5 6 7 7 7 7 7 7 6 6 6
6 6 6 6 5 5 6 6 6 6 6 6 6 6 7 7 8 7 7 8 7 7 7 7 7 7 6 6 6 6 6 6 6 6 8 8 9 10 11 13 14 16 16 18 20 17 16 12 10 10 8 8 8 7 7 7 6 6 6 5 6 6 6 6 6 6 6 6 7 7 6 6 5 5 5 6 6 6 6 5 5 5 5 6 6 6 6 7 7 8 9 9 8 7 7 6
6 7 7 6 5 5 5 5 6 6 6 6 6 6 6 7 6 6 6 6 6 6 6 6 7 6 7 7 7 6 6 6 6 6 7 8 10 12 13 14 17 19 21 24 25 24 20 18 11 10 8 8 8 8 7 6 6 6 6 6 6 6 5 6 5 6 6 6 6 7 6 6 6 5 5 5 5 6 6 6 5 5 5 6 6 6 6 7 8 8 9 9 8 7 7 6
6 6 7 6 6 5 5 5 5 6 6 6 6 6 6 6 6 5 6 6 6 6 6 6 6 7 7 8 7 7 7 7 7 7 8 9 10 11 13 14 16 20 24 26 26 25 20 19 13 11 10 8 8 7 7 7 7 6 6 6 6 6 6 6 6 6 6 6 7 6 7 6 6 6 5 5 5 5 6 5 5 5 5 6 6 6 7 6 7 8 8 8 8 7 6 5
6 6 6 6 6 6 5 5 6 6 6 6 6 6 6 6 5 5 6 6 6 6 6 6 6 6 6 7 7 7 7 7 7 8 8 9 10 11 12 13 15 19 22 24 23 24 20 17 13 11 11 9 8 8 8 7 7 7 7 7 6 6 6 6 6 6 7 6 6 6 6 6 6 6 6 6 6 6 6 5 5 5 5 6 6 6 7 7 7 7 7 7 6 7 6 6
6 6 6 6 6 6 6 5 5 5 6 6 6 6 6 6 6 5 6 6 6 5 5 6 6 6 6 7 7 7 7 7 7 8 8 10 11 11 11 14 15 18 20 20 20 20 19 16 14 12 10 9 8 8 8 8 8 8 7 7 6 6 7 7 7 8 7 7 6 6 6 6 6 6 7 6 7 7 6 5 5 4 5 5 6 6 6 6 6 6 6 6 6 6 6 6
6 6 6 6 6 6 7 6 6 5 5 6 6 6 7 6 6 6 5 6 6 6 6 6 6 6 6 6 6 6 7 7 7 8 8 9 10 12 12 14 17 18 20 21 21 20 19 16 15 11 10 10 9 8 9 8 9 8 8 8 7 7 7 7 7 7 8 7 7 6 6 6 6 7 8 8 8 8 7 6 5 4 5 5 5 5 6 6 6 6 6 6 6 6 6 6
6 6 6 7 7 7 8 9 9 9 8 9 8 8 8 7 6 6 6 6 6 6 6 6 7 7 7 7 7 7 8 7 7 8 8 9 10 12 13 17 18 21 23 25 27 24 23 19 16 14 11 10 9 9 9 10 10 9 9 8 8 7 7 7 7 7 7 7 6 6 7 7 7 8 9 10 9 9 8 8 6 5 5 5 5 5 5 5 5 6 6 6 6 6 7 7
6 6 6 7 8 9 9 11 13 13 14 14 12 10 9 7 6 6 6 6 7 7 8 8 8 8 8 7 7 7 8 8 8 8 9 10 10 12 15 20 26 28 31 33 33 30 29 21 18 17 12 11 10 9 9 9 9 9 9 8 8 8 7 7 7 7 6 7 6 6 6 6 7 8 9 10 10 9 8 8 7 6 6 6 5 5 5 5 6 6 6 7 7 7 7 8
5 5 5 6 7 8 10 14 16 18 18 19 18 16 11 10 7 6 6 7 8 7 9 9 9 8 8 8 8 8 8 9 9 9 11 13 14 16 21 24 31 36 40 41 41 40 35 30 23 18 14 11 10 9 9 9 9 9 8 7 7 7 7 7 7 7 6 7 6 6 7 6 6 7 8 9 9 8 8 7 6 6 6 6 5 5 5 6 6 6 6 7 8 8 9 10
6 5 6 6 7 8 9 13 15 20 22 23 22 18 15 12 10 7 7 7 8 8 10 11 12 11 10 10 9 9 10 10 11 12 12 14 14 16 23 28 35 42 46 49 49 48 45 36 28 22 17 13 12 9 9 8 8 8 7 7 7 7 7 7 7 7 7 7 6 7 6 6 5 5 6 6 7 7 7 7 7 6 6 6 6 5 5 6 6 7 7 8 8 9 11 13
6 5 6 6 7 8 9 11 13 16 19 21 20 19 15 12 10 7 7 8 8 9 12 13 14 14 13 12 10 10 11 11 12 14 15 18 20 21 29 32 41 48 50 53 53 52 50 41 31 26 17 14 12 10 9 8 7 7 7 7 7 7 7 7 7 7 8 7 7 7 6 5 5 4 5 5 6 6 6 6 6 6 6 5 5 5 5 6 6 6 7 7 9 10 12 14
6 6 7 7 7 8 8 9 9 11 14 16 17 15 12 11 9 8 7 7 9 12 13 15 16 16 15 13 11 12 11 12 13 19 21 23 26 31 34 42 45 50 53 56 54 53 49 42 32 25 17 14 12 9 9 8 8 7 7 7 7 7 8 7 7 7 8 7 6 6 6 5 5 4 5 5 5 6 6 6 6 5 6 6 5 6 6 6 6 6 7 7 8 10 12 18
7 6 7 8 8 8 8 7 7 7 9 10 11 10 9 8 8 8 8 9 9 12 14 15 18 18 17 16 13 12 14 16 20 22 31 32 36 40 44 46 49 53 56 54 54 51 45 41 29 22 17 13 10 10 9 8 8 7 7 7 7 8 8 7 7 7 7 7 6 6 6 5 5 4 4 5 5 6 6 6 6 5 5 6 6 5 6 6 6 6 6 7 7 9 12 17
8 8 8 9 9 7 7 6 6 6 6 6 7 7 8 8 8 9 9 9 11 14 16 19 21 21 22 22 18 16 15 16 20 24 35 40 44 50 51 51 54 53 54 53 51 48 41 36 28 21 16 12 11 10 9 9 8 8 8 8 8 8 8 7 7 7 7 6 6 6 6 5 5 5 5 5 6 6 6 6 6 6 6 6 6 6 6 6 7 7 7 7 7 8 11 15
8 8 9 9 9 9 7 7 7 6 6 6 6 6 6 7 7 8 9 11 12 16 19 23 26 26 25 24 20 18 16 16 20 23 32 39 41 47 50 51 51 52 51 49 45 43 33 26 21 17 14 12 11 10 9 9 8 8 7 7 7 7 7 7 6 6 6 6 6 6 5 5 5 5 5 5 6 6 6 7 6 6 6 6 6 6 6 6 7 7 7 7 7 8 10 11
8 9 10 10 10 9 8 7 7 7 6 6 5 5 5 6 6 7 8 9 12 16 20 23 27 27 26 24 21 17 14 13 15 20 25 33 36 38 40 40 42 41 38 36 33 28 25 18 16 13 12 11 10 9 9 8 8 7 8 7 7 6 6 6 6 6 6 6 6 6 5 5 5 5 5 6 5 6 6 6 7 7 7 6 6 5 5 6 6 7 7 7 7 8 8 9
9 9 10 10 10 9 9 8 7 7 6 6 5 5 5 5 5 6 7 8 12 15 18 22 26 26 22 19 16 13 11 11 13 16 18 21 24 24 28 29 31 29 23 23 23 17 16 13 12 10 10 9 9 8 8 8 7 7 7 7 7 6 6 6 6 6 6 7 7 6 6 6 5 6 6 6 6 6 6 6 6 7 7 6 6 6 6 6 6 6 7 7 7 7 8 8
8 9 10 10 10 9 8 7 7 6 6 5 5 5 5 5 5 6 7 8 9 11 13 15 18 18 18 16 14 11 9 9 10 12 14 14 15 15 16 17 18 17 16 15 14 12 12 10 10 10 9 9 8 8 8 8 8 7 7 7 7 6 6 6 6 7 7 7 7 7 7 6 6 6 6 6 6 6 5 6 6 7 6 6 6 6 6 6 6 6 6 6 7 7 7 7
9 9 9 10 9 8 7 7 6 6 6 6 5 5 5 5 6 6 7 8 9 10 12 12 13 13 13 11 10 9 8 8 8 9 9 10 10 11 12 13 14 14 13 12 11 10 9 9 9 8 8 8 8 8 7 7 7 7 7 7 7 6 6 6 6 6 7 7 7 7 7 6 6 5 5 5 5 5 5 6 6 6 7 6 6 6 6 6 6 6 6 6 6 6 7 7
9 9 10 10 9 8 7 6 5 6 6 6 6 6 6 6 6 6 7 8 8 8 9 9 9 9 9 7 7 8 8 7 8 9 8 9 10 10 10 12 12 11 10 10 9 8 8 9 9 9 9 8 8 8 8 8 7 7 6 6 7 7 6 6 6 6 7 7 7 7 7 6 6 5 5 5 5 5 5 6 6 6 6 6 5 5 5 5 5 5 5 6 5 6 6 6
10 10 10 9 9 8 7 6 5 5 6 6 6 6 6 6 7 7 7 7 7 7 7 7 7 7 7 7 7 7 7 7 9 10 10 11 11 10 10 10 10 10 9 9 8 8 8 8 8 9 9 9 9 9 9 8 7 7 7 7 7 7 7 7 7 6 6 6 6 6 6 6 6 6 6 5 5 5 6 6 6 6 6 6 5 5 5 5 5 5 5 5 5 6 6 6
10 9 9 9 9 8 7 6 6 5 5 5 6 6 6 7 7 7 7 7 6 6 7 7 7 7 6 6 6 6 8 9 11 13 13 13 13 12 12 11 11 9 9 8 8 7 8 8 8 9 9 9 9 9 9 9 8 8 7 7 7 7 7 7 6 7 6 6 6 6 6 6 6 6 6 5 5 5 5 5 6 6 6 5 6 5 5 5 5 5 5 6 6 6 5 6
9 9 9 9 8 8 7 6 5 5 5 5 6 6 6 6 7 6 6 6 6 6 6 7 7 7 6 6 6 6 7 10 12 14 16 16 16 16 14 13 11 9 8 7 7 7 8 8 8 9 9 9 9 9 9 10 9 8 8 7 6 7 7 7 7 7 6 6 6 6 6 6 6 6 5 5 5 5 5 5 5 5 5 5 6 5 6 5 5 4 5 6 6 5 6 6
8 8 8 9 8 8 7 6 6 6 5 5 6 6 6 6 6 6 6 6 6 6 6 6 7 6 6 6 6 6 6 10 10 16 18 21 20 20 19 15 13 10 8 7 7 7 7 8 8 7 8 9 9 11 11 12 11 11 9 7 7 7 7 7 6 6 6 6 6 6 6 6 6 5 5 5 5 5 4 5 5 5 5 6 6 6 6 5 5 5 5 5 5 5 6 6
9 9 9 9 9 8 7 7 6 6 5 5 5 6 6 5 6 6 6 6 7 6 6 6 6 7 7 7 7 6 6 8 9 14 20 22 24 23 21 16 14 11 9 8 7 7 7 7 7 7 8 9 11 13 15 17 16 14 12 11 8 8 8 7 6 6 6 5 6 6 6 6 6 6 5 5 5 5 5 5 5 5 5 6 6 6 6 6 6 6 6 5 5 5 6 6
9 9 9 10 9 9 9 8 7 6 6 6 6 6 6 6 6 6 6 7 7 7 6 6 6 7 7 6 6 5 5 6 8 10 16 19 20 21 20 16 13 11 9 8 7 7 7 7 7 6 7 9 10 15 16 18 18 17 15 13 10 8 8 7 6 6 6 5 6 6 6 6 6 6 6 6 5 6 6 6 5 5 5 5 6 6 7 7 7 7 6 6 5 6 6 5
8 8 9 10 10 9 9 10 8 7 7 7 6 6 5 6 6 6 6 6 6 7 6 6 6 6 6 6 6 5 5 5 7 8 12 15 14 15 13 12 10 9 8 7 7 7 7 7 7 6 7 8 9 13 15 17 18 17 15 14 10 9 8 7 6 6 6 6 5 5 5 6 6 6 6 6 6 6 6 6 6 5 5 5 6 7 7 7 7 7 7 6 6 6 6 5
8 8 9 10 11 11 11 11 11 9 10 8 7 6 6 6 6 6 6 6 6 6 6 6 6 6 6 6 6 6 5 6 6 7 7 8 9 9 9 9 9 8 8 7 7 7 7 7 7 6 6 7 8 11 13 14 16 16 14 12 10 8 8 7 7 7 6 6 5 5 5 5 5 6 7 8 9 8 8 6 6 5 5 5 6 7 7 8 8 7 7 6 6 6 6 5
7 8 9 9 11 12 12 13 14 13 12 10 8 7 6 5 6 6 6 6 6 7 6 6 6 6 6 6 6 5 6 6 6 6 6 7 7 7 8 8 8 8 7 7 6 6 6 6 6 6 6 7 8 8 11 11 12 12 11 11 10 8 7 6 7 6 6 6 6 5 5 5 5 6 7 9 9 9 8 7 6 6 5 5 6 6 7 7 7 6 6 6 6 6 6 6
7 8 9 9 10 12 12 14 15 15 14 11 8 7 6 6 6 6 6 6 7 7 7 6 6 6 6 5 5 5 6 6 6 6 6 6 6 7 8 8 9 9 8 7 6 6 6 6 6 6 6 7 7 8 10 10 10 10 11 9 8 8 8 7 6 6 6 6 5 5 5 5 5 6 7 8 9 9 8 8 7 6 5 6 6 6 6 6 6 6 6 6 6 6 6 7
7 7 8 8 9 11 12 13 14 14 12 11 10 8 7 7 7 6 6 6 7 7 7 6 6 6 6 6 5 6 6 6 6 6 6 6 6 7 8 8 9 10 9 8 7 7 6 6 5 5 5 6 6 7 7 7 7 8 8 7 7 7 7 7 6 6 6 6 6 5 5 5 5 6 6 7 8 8 7 7 7 6 6 6 6 6 6 6 5 5 5 6 6 7 7 8
7 8 8 8 8 9 10 10 11 11 11 10 9 8 8 7 7 7 7 6 6 6 6 6 6 6 6 6 6 6 6 6 6 6 6 6 7 7 8 9 10 10 10 9 8 7 6 6 5 5 6 6 6 6 6 7 6 7 7 7 6 6 6 6 6 6 6 6 6 5 5 6 6 6 6 7 7 7 7 7 7 7 6 6 6 6 6 6 5 5 5 6 6 7 7 8
7 7 8 8 8 9 9 9 9 9 9 9 9 9 9 8 8 8 8 8 8 7 7 6 6 7 7 7 6 7 6 6 6 6 6 7 8 8 8 10 11 11 12 11 9 8 7 6 5 6 6 6 6 6 6 6 6 6 6 6 6 6 5 5 6 6 6 6 6 6 6 6 6 6 6 7 7 7 7 7 7 7 7 6 6 7 6 6 5 5 6 6 7 8 8 10
7 7 7 7 7 8 8 7 7 7 8 9 10 10 10 11 10 10 10 9 9 8 7 7 7 7 7 7 7 7 6 6 6 7 7 9 9 9 10 11 12 13 13 12 10 9 7 6 5 5 5 5 5 6 6 6 5 5 5 5 5 5 5 5 5 6 6 6 6 6 6 6 6 6 7 7 7 7 7 7 7 8 8 7 7 7 7 7 6 6 6 6 8 10 12 17
6 6 6 6 7 7 7 7 7 7 8 9 10 13 14 15 15 16 14 11 11 9 8 7 7 7 7 7 7 7 7 6 7 8 8 10 10 10 10 10 12 13 14 13 10 8 7 6 5 5 5 5 5 5 5 5 5 5 5 6 5 5 5 5 5 6 6 6 6 6 6 6 6 7 7 7 7 7 7 6 7 8 9 9 8 8 8 7 7 7 7 9 11 15 23 26
6 6 6 6 7 7 7 6 6 7 8 10 13 17 18 20 22 21 22 19 16 12 10 9 8 8 8 8 7 7 7 6 7 8 8 10 10 10 9 10 10 11 12 11 10 8 7 6 5 5 6 5 6 6 6 5 5 5 5 6 5 5 5 5 6 6 7 7 7 7 6 6 6 7 7 7 7 7 8 8 8 9 10 10 10 10 10 9 9 9 9 9 14 17 26 30
6 6 6 7 6 7 8 7 8 8 9 12 16 22 32 34 35 35 31 25 23 17 13 11 9 8 8 8 8 7 8 7 7 8 8 10 10 9 9 8 9 10 10 9 9 8 7 6 6 6 6 6 6 6 6 6 6 6 5 5 5 5 5 5 6 7 7 7 7 7 7 7 7 8 8 9 9 9 9 10 11 13 15 15 15 13 13 12 12 12 13 13 17 23 32 39
7 7 7 7 7 7 8 8 9 8 10 13 20 28 34 40 40 41 38 34 28 20 15 13 10 8 8 8 8 8 8 8 8 8 9 9 9 9 8 8 7 8 8 8 8 7 6 6 5 6 7 7 6 7 6 6 6 5 5 5 5 5 5 5 6 6 6 7 7 6 6 7 7 9 9 10 11 12 13 16 17 21 22 21 21 20 19 18 17 16 17 19 26 32 37 46
7 7 7 7 8 8 8 9 10 10 13 17 27 34 38 45 47 47 45 39 31 26 19 14 11 9 8 8 8 8 8 8 9 9 9 9 9 9 8 7 7 7 6 6 7 6 6 5 5 6 6 7 7 7 7 6 6 6 5 5 5 5 5 6 6 6 6 7 7 6 6 6 7 8 9 10 12 13 15 18 25 28 32 34 36 33 29 25 22 21 21 22 26 33 36 42
7 7 7 8 8 9 9 9 10 11 15 19 28 38 44 51 51 51 47 41 33 27 18 13 11 10 8 7 8 8 8 8 9 9 10 10 9 9 7 7 6 7 6 7 6 6 6 5 5 6 6 7 7 7 7 7 6 6 5 5 5 6 6 6 6 6 6 6 6 6 6 6 7 7 9 10 13 18 23 33 37 41 46 46 45 41 37 31 26 22 22 22 25 30 33 36
8 8 8 8 8 9 10 10 10 11 15 20 26 39 44 48 49 47 41 35 29 23 17 12 11 9 7 7 7 7 8 7 8 9 9 9 9 9 8 7 6 7 7 7 6 6 6 5 6 6 6 6 7 7 8 7 6 6 6 6 6 6 6 6 6 7 6 7 7 7 7 8 8 8 8 10 13 21 28 34 44 47 51 51 48 44 37 30 22 18 17 18 18 23 25 29
9 9 9 9 9 9 10 10 10 11 13 19 21 31 36 40 42 40 33 28 24 15 12 10 8 7 7 7 7 7 7 7 7 8 9 9 9 8 7 7 7 7 7 7 7 6 6 6 6 6 6 6 7 7 7 6 6 6 6 6 6 6 6 5 6 7 8 9 9 9 10 10 9 9 9 11 14 20 28 36 46 48 50 48 42 35 28 23 17 13 12 13 14 18 23 26
9 9 9 9 9 9 10 10 10 11 12 16 17 24 28 28 27 26 23 23 19 13 11 9 8 7 7 7 6 6 6 7 7 8 8 8 8 8 7 6 7 7 7 7 7 7 6 7 6 7 7 7 7 7 7 6 6 6 6 6 6 6 6 5 6 7 8 10 12 12 12 11 10 9 9 13 16 22 33 37 43 44 43 38 33 27 20 16 12 10 9 10 11 15 20 26
8 8 9 8 9 10 10 10 10 11 12 14 17 19 22 23 23 19 18 15 15 12 11 10 8 7 7 7 6 6 6 7 7 8 8 8 8 7 7 7 7 7 8 7 7 7 8 8 8 9 9 9 8 8 7 6 6 5 6 6 6 6 6 6 7 7 9 12 13 14 14 15 13 11 11 16 22 28 35 37 39 39 38 33 28 21 16 12 11 9 8 10 15 19 26 34
8 8 9 9 9 9 10 10 10 11 14 17 20 20 20 20 17 15 14 12 12 10 9 9 8 8 7 7 7 6 7 7 7 7 8 7 7 7 6 6 6 7 7 7 7 8 9 9 10 11 12 12 12 11 9 8 6 5 5 6 6 6 6 6 7 7 9 12 14 15 15 14 13 12 12 17 24 28 33 37 36 34 31 26 21 14 12 10 10 9 10 11 18 22 27 37
8 9 9 9 9 9 10 10 11 14 17 19 23 25 24 21 16 14 12 11 10 10 9 9 8 8 7 7 7 7 7 7 7 7 7 7 7 6 7 7 6 7 7 7 7 8 9 9 13 14 16 17 18 15 12 9 6 6 5 6 6 6 6 6 6 6 7 9 10 12 12 12 11 12 12 14 23 26 29 29 28 22 20 16 14 12 10 9 8 8 11 13 20 26 35 42
9 10 9 10 9 9 9 10 10 16 21 24 28 29 27 22 17 14 12 10 10 10 9 8 7 7 7 7 7 7 7 7 7 7 7 7 7 7 7 7 6 6 6 7 7 9 11 13 18 22 23 24 24 18 16 10 7 6 5 6 6 6 6 6 6 5 6 7 8 10 10 8 7 8 12 14 20 23 23 23 22 18 15 14 11 10 9 8 7 8 11 13 21 30 36 40
11 11 10 10 9 9 10 10 11 15 20 24 27 28 27 23 17 14 12 10 9 9 8 8 7 7 7 7 8 9 9 8 8 8 7 7 7 7 7 6 6 6 6 7 8 9 12 14 19 22 23 25 23 19 13 10 8 5 5 6 6 5 6 6 6 6 6 6 6 6 6 6 6 7 10 12 15 19 19 19 19 15 13 11 10 8 8 8 7 7 9 12 17 25 30 33
11 11 10 10 9 10 10 11 13 15 21 24 26 26 24 19 15 13 10 9 9 9 8 7 7 7 7 8 9 10 10 10 9 9 8 7 7 7 7 7 6 6 6 7 7 8 10 12 15 19 21 22 21 14 10 8 7 5 5 5 5 5 6 6 6 6 6 6 5 5 5 5 6 7 9 11 11 12 12 11 11 11 10 9 8 8 8 8 7 6 7 9 12 18 22 24
11 11 11 11 10 10 11 12 13 15 20 22 22 22 21 18 15 12 11 10 9 8 8 7 7 7 8 9 10 11 11 11 11 9 9 8 8 7 7 7 6 7 7 8 7 8 8 11 11 12 13 13 11 10 8 6 6 5 5 5 6 5 6 6 6 6 6 6 6 5 5 6 6 7 7 8 8 8 8 8 8 8 8 8 8 8 8 7 7 6 7 7 8 11 12 11
13 12 11 11 11 10 11 12 13 14 19 19 19 18 17 14 12 10 10 9 8 8 8 7 7 7 8 8 9 10 11 11 11 10 9 8 8 8 8 7 8 8 8 8 8 7 7 8 9 9 10 10 9 8 6 6 5 5 5 5 5 6 6 6 6 6 5 5 5 6 6 6 6 7 7 7 7 7 7 7 7 7 8 8 8 8 8 7 7 6 7 7 7 8 8 8
13 13 13 13 12 11 12 12 14 16 17 17 16 15 14 11 10 10 10 9 8 8 8 7 7 7 8 8 9 10 10 10 10 8 8 8 9 9 8 8 9 9 9 8 8 7 6 7 7 8 8 8 7 6 6 6 5 5 5 5 5 6 6 6 6 6 6 6 6 6 6 6 6 6 7 6 6 6 6 6 6 6 7 7 8 8 8 7 7 6 6 6 7 7 6 6
15 16 18 18 18 18 17 18 19 19 20 19 16 14 12 11 10 9 9 9 8 8 7 7 7 7 8 9 9 9 9 9 8 8 8 8 9 9 9 9 9 10 10 9 8 7 7 7 7 7 7 7 6 6 6 6 5 5 6 5 6 6 7 6 6 6 6 5 5 5 6 6 7 7 6 6 6 5 5 5 5 6 7 8 8 9 9 8 7 6 6 6 6 7 6 6
19 22 24 24 25 23 23 22 22 22 23 23 19 15 12 12 10 10 10 9 9 8 7 7 8 8 8 9 9 9 9 9 8 8 8 8 9 10 10 10 11 11 11 10 9 8 8 7 7 7 7 7 6 6 6 6 6 5 6 6 6 6 6 6 6 6 6 6 6 6 6 6 7 6 6 6 6 5 5 6 6 7 8 8 9 9 9 8 7 7 7 7 7 7 7 6
20 27 29 33 33 32 29 28 30 29 29 26 23 18 15 13 11 10 9 9 9 8 8 7 8 8 9 9 10 10 10 10 9 9 8 8 9 10 12 14 15 14 13 12 10 9 8 8 7 7 7 7 6 6 6 6 5 5 5 5 6 6 6 6 6 5 5 6 6 6 6 6 7 6 6 6 6 6 6 6 7 9 11 12 13 12 11 9 8 7 7 7 7 7 7 7
26 35 39 43 45 43 43 40 41 38 34 29 24 20 16 13 12 10 10 9 9 9 8 7 8 8 9 10 10 10 11 10 10 10 9 9 10 11 12 15 15 16 16 15 12 10 10 8 8 7 7 6 6 6 6 5 5 5 5 6 6 6 6 6 6 6 6 5 6 6 6 6 7 6 6 6 6 6 6 7 7 10 12 13 14 14 12 9 8 7 7 7 7 8 7 7
34 42 46 51 52 51 50 48 47 43 37 31 25 19 16 13 12 11 11 11 10 9 9 8 8 8 9 10 11 12 13 13 12 11 10 10 10 11 12 14 16 16 16 15 14 10 9 8 8 7 7 7 6 6 6 6 6 6 5 6 6 6 6 6 6 5 5 5 5 6 6 6 6 6 6 6 5 5 6 7 8 10 12 13 14 13 12 9 7 7 6 6 7 7 6 6
