Module_7_Misc/data/palights.txt
ncols         700
nrows         307
xllcorner     -80.52083373125
yllcorner     39.71250014115
cellsize      0.0083333333
NODATA_value  -9999
[rows 120 to 179 of 307, columns 0 to 95 of 700]
38 47 50 54 56 55 54 55 53 50 43 37 28 24 19 15 14 13 12 12 11 10 9 9 8 8 9 10 11 12 14 14 15 16 14 12 11 11 11 13 13 14 14 13 12 10 9 8 7 7 7 6 6 6 7 7 7 6 6 6 6 5 6 6 6 6 6 6 6 6 6 6 6 6 6 6 5 6 6 7 7 8 10 11 11 10 9 8 7 6 6 6 7 7 6 6
46 51 54 56 57 57 57 58 57 55 51 45 34 27 21 16 15 15 14 14 14 13 11 10 9 8 9 10 12 15 18 19 23 22 22 18 15 12 11 12 12 13 13 11 10 10 8 8 7 7 7 7 6 7 7 7 7 7 6 6 6 6 6 6 6 7 7 7 7 7 7 7 7 7 6 6 6 6 6 6 7 7 8 9 8 8 8 7 6 6 6 6 6 6 6 5
55 56 58 58 58 58 58 58 58 57 53 47 39 31 26 19 17 16 17 16 15 14 12 11 10 9 10 10 14 18 24 29 32 30 28 23 18 13 11 10 10 10 10 10 9 9 8 8 8 7 7 7 6 7 7 7 7 7 7 6 7 7 7 7 7 8 8 8 8 7 7 7 7 7 6 6 6 6 5 6 6 6 7 8 8 7 7 6 6 6 6 6 6 6 5 5
58 58 59 59 58 59 59 58 59 57 54 48 40 30 25 21 18 17 18 18 17 15 13 12 11 10 9 11 15 19 26 34 36 37 35 30 20 16 11 9 8 9 9 9 9 9 8 8 7 7 7 7 7 8 8 8 7 7 7 7 7 7 8 8 8 11 10 10 9 7 7 7 7 7 6 6 6 6 6 6 6 6 6 6 6 6 6 6 5 5 5 5 5 5 5 5
59 59 60 60 60 59 59 58 57 55 51 45 38 28 23 20 18 17 17 17 15 14 13 11 10 10 10 11 14 21 28 36 39 42 41 37 25 17 13 10 9 9 9 9 9 9 8 8 8 8 8 8 8 8 8 8 8 8 7 8 8 10 11 13 14 16 15 12 10 9 7 7 7 7 7 7 7 7 6 6 5 5 5 6 5 6 6 6 5 5 6 6 6 5 5 5
59 59 59 59 59 59 59 58 56 54 48 43 35 26 24 19 17 15 15 14 13 12 12 11 10 9 9 11 12 18 25 30 38 42 41 38 27 19 16 11 9 10 10 10 10 10 10 9 9 9 9 9 10 10 10 9 9 8 9 9 11 14 16 19 21 21 23 19 14 11 9 8 7 8 8 9 9 10 9 7 6 6 5 5 5 6 5 5 5 5 5 6 6 6 6 6
58 58 58 58 57 57 57 57 54 51 42 34 29 25 20 18 16 14 13 12 12 11 10 10 10 9 9 9 12 15 20 26 36 38 39 37 33 21 17 13 11 10 11 12 11 11 12 11 11 11 11 11 11 11 10 10 10 10 11 11 14 19 23 30 32 33 28 24 18 13 11 8 8 9 9 10 10 11 10 9 8 7 7 7 6 7 6 6 5 5 5 6 6 7 6 6
55 57 57 56 56 56 55 54 50 46 40 33 27 24 20 18 16 14 14 12 12 11 10 10 10 10 9 10 12 13 19 23 32 34 34 33 29 22 15 13 11 10 11 12 13 14 14 16 14 15 16 17 14 13 12 10 10 10 11 11 13 19 26 30 34 34 31 25 18 14 11 9 8 9 10 13 14 15 15 12 10 8 7 7 7 7 7 7 7 6 6 7 7 8 9 8
49 50 51 52 51 52 54 52 48 45 41 34 28 25 21 17 15 13 12 12 11 10 9 9 9 10 10 10 11 13 17 20 23 29 30 28 25 22 14 13 11 11 12 13 16 20 24 27 26 25 24 22 18 17 14 13 11 10 10 11 13 17 24 26 30 31 25 20 16 11 10 9 8 9 10 12 13 14 14 13 11 9 8 7 8 8 8 9 9 9 11 12 14 14 15 13
44 45 45 46 46 48 49 49 46 43 41 33 28 24 20 16 14 12 11 11 10 10 10 9 9 9 10 9 10 12 14 17 21 25 25 24 19 18 12 11 11 12 13 16 19 23 29 34 35 37 36 34 30 23 20 16 13 11 10 10 11 13 17 20 20 20 18 15 12 9 8 8 7 8 9 11 12 14 14 13 11 9 7 7 8 8 9 9 10 12 14 16 17 19 18 16
36 38 39 38 38 40 41 43 40 38 34 30 27 22 20 14 13 11 10 10 10 10 9 9 8 8 9 9 10 11 12 14 16 17 17 16 13 11 11 10 11 11 13 16 22 27 34 40 45 45 45 43 40 37 30 22 18 12 10 9 11 12 14 14 14 14 12 10 9 8 7 6 6 6 7 7 8 8 9 9 8 8 8 7 7 8 8 9 10 11 16 17 19 21 20 17
25 23 23 24 26 30 32 35 35 34 30 30 25 21 17 14 13 11 10 10 10 10 10 10 9 9 9 9 9 9 11 11 11 12 12 12 11 11 11 11 13 15 17 20 24 28 37 44 49 52 53 51 49 42 35 30 20 14 11 11 10 11 12 12 11 11 10 8 8 7 6 6 6 6 6 6 6 7 8 8 7 7 7 7 7 7 8 9 11 11 15 16 17 18 16 13
22 21 20 19 21 22 25 27 27 26 24 22 19 16 15 14 12 12 11 10 10 10 10 10 9 9 9 8 8 8 8 9 10 11 11 12 11 12 13 16 20 23 27 30 32 34 36 43 47 52 53 53 51 47 39 30 20 15 12 12 12 12 12 12 11 10 9 8 7 7 6 6 6 6 6 6 6 7 7 7 7 7 8 8 9 9 9 9 9 10 12 12 14 13 13 12
21 19 18 17 17 18 19 18 17 16 16 16 15 15 14 13 12 12 12 13 13 14 14 13 11 11 10 8 8 8 8 9 10 10 11 11 11 13 16 21 30 33 36 37 37 35 34 35 40 44 49 48 45 42 33 27 19 15 13 14 14 14 14 13 11 9 8 8 8 7 7 7 7 7 7 7 7 7 7 7 7 7 8 9 10 11 11 10 10 10 10 10 10 10 9 9
18 17 16 15 15 15 15 15 15 16 15 15 15 14 13 12 12 13 16 17 19 20 19 18 15 13 11 9 8 8 8 9 10 10 10 11 11 13 17 22 29 37 39 42 39 33 28 25 24 31 35 38 37 33 28 23 19 15 14 15 17 16 14 13 11 9 8 8 8 8 8 7 8 7 7 7 7 7 6 6 7 7 8 10 11 11 11 11 10 8 8 8 7 7 7 7
17 16 15 15 15 14 14 14 16 16 16 17 16 14 13 12 14 14 19 23 25 26 25 24 19 15 11 10 9 9 9 9 11 11 11 11 11 12 16 19 30 34 33 35 31 27 21 20 20 24 25 27 25 24 20 17 14 13 13 16 17 16 14 13 11 9 8 7 8 9 8 8 8 8 7 7 7 6 6 6 7 7 8 10 12 12 11 11 10 8 7 7 7 6 6 6
16 16 15 15 14 15 14 17 17 20 21 21 18 15 13 13 14 15 20 24 28 30 29 27 23 17 13 11 10 10 10 10 11 11 11 10 10 10 10 13 17 22 26 27 26 22 18 16 15 16 18 18 19 15 13 12 12 12 13 15 15 15 13 11 10 9 8 7 8 9 9 9 9 9 7 7 6 5 5 6 6 7 8 9 10 10 10 10 9 8 7 6 6 6 6 6
18 18 17 16 15 15 15 18 19 21 21 21 19 16 13 12 13 16 20 25 28 30 29 27 23 18 13 11 10 10 10 10 11 11 10 10 9 9 10 12 14 15 17 18 18 16 13 12 10 11 11 11 11 11 11 11 11 11 12 13 13 13 12 11 10 9 8 8 8 10 10 11 11 11 9 8 7 6 5 6 6 6 7 8 9 9 9 9 8 7 6 5 4 5 5 5
20 20 18 18 15 14 14 16 18 19 20 19 18 15 13 13 13 17 19 23 25 27 27 25 20 16 12 11 10 11 11 11 11 10 10 9 9 9 9 10 11 11 12 12 12 12 11 11 10 10 10 9 9 10 10 11 11 12 12 12 12 12 11 10 9 9 8 9 10 12 13 14 15 15 13 11 8 7 6 6 6 6 6 7 8 8 8 7 7 6 6 5 5 5 5 6
21 21 19 19 16 14 14 15 17 17 18 17 16 15 15 14 14 17 19 21 23 23 22 19 16 13 12 10 10 10 10 10 10 9 9 8 9 8 9 9 9 10 10 12 11 11 11 10 9 9 10 9 11 13 15 15 14 14 13 13 13 12 11 11 10 9 9 10 11 14 18 18 19 18 17 12 10 8 7 6 7 7 7 8 8 8 7 7 7 6 6 5 5 5 5 7
23 23 22 20 17 14 14 14 17 17 17 18 17 17 16 16 17 21 25 25 25 24 22 18 15 13 11 11 10 10 10 10 9 9 8 8 9 8 8 9 9 10 10 11 11 11 10 10 10 10 10 12 14 17 20 21 21 20 18 17 16 13 12 10 10 9 9 11 15 17 22 24 24 21 18 14 12 9 8 7 7 8 8 8 8 8 8 8 7 6 6 6 5 5 6 7
25 24 22 20 18 16 15 15 15 16 16 17 17 17 17 22 24 29 32 35 33 30 26 20 16 14 12 11 10 10 10 9 9 8 8 8 8 8 8 8 8 9 10 10 11 11 11 10 9 10 10 13 18 22 29 30 32 31 28 22 18 17 12 11 10 10 9 11 17 19 22 24 24 22 19 16 11 9 8 7 7 8 8 8 8 8 8 8 7 7 6 7 6 6 6 6
25 24 21 19 18 15 15 15 15 16 16 17 17 18 20 24 30 34 39 39 37 34 32 24 19 15 12 11 10 10 10 9 8 9 9 9 9 9 9 9 10 9 9 10 10 10 11 10 10 10 11 17 22 29 39 44 44 41 37 26 22 18 12 11 10 10 9 12 15 18 19 21 21 21 18 15 11 10 9 8 8 8 8 8 8 8 8 8 7 7 7 7 7 7 7 7
24 21 19 17 15 15 14 15 15 15 16 16 17 18 21 28 34 42 47 49 48 44 39 30 22 17 13 11 10 10 10 9 9 9 12 11 11 11 11 9 9 9 9 9 10 10 10 11 11 10 14 17 28 35 44 50 50 49 44 34 25 20 15 11 10 10 10 12 13 14 14 15 15 16 15 14 11 10 8 8 8 8 8 8 8 8 8 8 7 7 7 7 9 10 10 10
21 18 17 16 14 14 14 15 16 16 17 18 19 21 27 31 39 47 53 54 54 48 43 36 23 19 15 12 12 11 11 11 10 11 12 12 11 12 13 12 10 10 9 9 9 10 11 12 12 11 13 17 26 35 43 49 50 50 45 35 25 20 15 11 10 10 9 10 9 9 11 12 13 13 13 12 11 10 9 8 9 8 9 9 9 8 8 7 6 7 7 8 9 11 11 11
21 17 15 14 13 12 13 15 15 17 18 21 23 24 29 33 41 50 54 56 54 51 45 38 26 21 18 15 14 13 12 11 11 11 13 15 15 15 15 15 11 11 10 9 10 11 11 12 12 12 14 17 22 29 35 39 40 40 37 32 23 18 14 11 10 10 10 9 9 9 9 10 11 12 11 11 10 9 9 8 9 8 9 10 10 9 8 8 7 6 7 8 9 11 12 12
22 19 15 14 13 12 13 15 15 18 20 23 24 27 31 36 43 50 53 56 55 54 47 41 32 25 22 17 16 15 14 13 13 13 13 16 16 16 16 15 12 11 11 10 10 11 12 12 13 13 13 13 16 20 24 29 31 30 28 23 18 15 13 11 10 10 10 9 9 8 9 10 10 11 11 10 10 9 8 8 8 8 9 10 10 9 8 8 7 7 8 8 10 12 14 14
22 19 16 16 14 13 14 15 16 20 23 26 33 36 40 44 49 52 55 57 57 55 49 45 36 26 23 20 18 18 17 17 15 14 15 15 16 17 15 15 14 11 11 10 10 11 12 14 14 14 14 14 15 16 18 20 20 19 18 17 15 12 11 11 10 10 9 9 8 8 9 10 10 11 11 10 9 8 7 7 8 8 9 9 9 8 8 8 8 8 8 10 12 15 18 19
22 20 18 17 15 14 14 15 17 23 28 34 41 47 47 50 53 55 56 58 58 56 53 48 39 31 28 26 22 21 19 18 16 16 15 14 16 16 15 14 12 11 10 9 10 10 12 13 15 16 15 14 13 13 12 12 12 12 13 12 12 11 11 11 10 10 10 9 9 9 9 11 11 11 10 10 10 8 8 7 7 8 8 8 8 8 8 7 8 8 9 11 15 18 21 24
21 21 19 18 17 16 16 17 18 22 28 35 43 48 50 54 55 58 58 58 58 56 56 50 46 37 33 31 27 24 22 20 18 16 14 13 13 14 13 13 13 11 10 10 9 11 12 13 16 17 16 15 13 12 10 10 11 11 11 11 12 12 11 11 11 11 10 10 10 10 10 11 11 11 11 11 11 9 9 8 8 8 8 8 8 8 7 7 8 8 10 16 23 30 35 39
22 21 20 19 18 17 17 17 17 19 28 34 41 48 53 57 57 58 59 59 58 58 57 55 52 46 36 34 29 25 23 20 18 16 14 13 13 14 13 12 12 11 10 9 9 11 14 16 19 19 18 14 13 11 10 10 9 10 10 11 10 11 12 12 11 11 11 11 10 10 11 11 11 12 11 11 11 9 9 9 8 8 8 9 8 8 8 8 8 10 12 20 27 36 41 44
21 21 21 19 19 18 18 18 17 18 22 28 34 41 51 54 56 58 59 59 58 58 57 57 56 50 45 38 32 26 23 20 18 16 14 13 13 12 12 11 11 11 10 10 10 11 15 16 17 19 17 15 13 11 9 8 8 9 9 9 10 11 11 13 12 12 12 12 11 11 11 11 11 12 12 11 10 9 9 9 9 10 9 9 9 9 8 9 8 10 13 19 28 36 42 43
19 21 22 21 21 21 20 19 18 18 19 27 30 36 45 51 54 57 58 59 59 58 58 56 55 53 49 44 38 31 25 20 16 15 14 14 13 12 12 12 11 11 11 11 12 12 14 15 16 16 15 12 9 9 8 8 8 8 8 8 8 10 10 11 12 11 12 11 11 11 11 11 11 10 10 9 9 8 8 9 9 9 10 10 10 9 8 8 8 10 12 18 25 30 35 34
18 20 22 23 23 23 21 21 19 19 19 25 27 32 39 47 51 55 56 57 58 58 58 57 55 55 53 47 41 33 28 23 19 16 15 14 13 13 12 12 13 13 14 15 15 15 14 13 12 10 9 8 8 8 7 7 7 7 7 7 8 9 10 10 10 11 11 11 10 11 11 10 10 10 9 9 8 8 8 8 9 9 9 10 10 9 9 8 8 9 12 16 21 26 27 26
18 20 22 23 23 23 23 21 21 21 21 23 26 31 35 45 48 53 54 55 56 57 57 56 55 54 53 50 43 36 30 24 19 17 15 14 14 13 13 13 14 17 19 20 21 19 16 13 11 8 8 7 7 7 7 7 7 6 6 6 7 7 8 9 9 10 10 9 10 10 11 10 10 9 9 9 8 8 8 8 8 9 9 9 9 9 9 9 9 10 12 15 19 24 24 23
18 18 20 21 21 20 21 20 20 20 21 22 26 28 34 42 46 48 50 48 48 49 51 50 51 50 48 47 43 34 29 24 20 16 15 14 14 14 13 14 15 18 21 22 23 21 18 14 11 8 7 7 7 6 6 7 6 6 7 7 7 7 8 9 9 10 10 10 9 10 10 9 9 9 9 9 8 8 8 8 8 9 9 9 9 9 9 9 9 10 12 15 19 23 21 19
17 17 17 17 17 19 19 18 18 18 19 20 23 28 33 38 43 43 43 40 39 38 40 42 42 42 42 40 37 33 25 21 18 15 15 14 14 13 13 14 15 17 21 21 22 20 17 13 10 8 7 6 6 7 7 7 7 7 7 7 7 7 8 9 9 10 10 11 11 11 10 10 9 9 9 8 9 9 9 9 9 9 9 9 10 10 10 10 11 14 17 21 24 23 23 20
18 16 15 15 15 16 16 16 15 15 16 17 20 25 29 32 38 41 41 38 35 35 33 32 32 32 31 31 26 24 20 19 16 14 13 13 13 12 12 12 13 15 18 18 19 18 16 13 10 8 7 6 6 6 7 7 8 8 8 8 8 8 9 9 10 11 12 13 14 13 12 12 12 11 10 9 9 9 10 10 10 10 10 10 10 9 10 10 12 14 18 22 24 24 23 20
16 15 14 13 14 14 14 14 13 13 14 15 17 20 25 30 35 38 37 34 29 25 23 22 23 23 23 23 23 21 18 16 14 13 12 12 11 11 10 11 12 13 15 17 18 17 15 13 10 9 8 7 7 7 8 8 9 9 9 9 9 10 10 11 12 13 15 16 17 17 16 15 14 13 12 11 11 10 11 11 11 11 11 11 10 10 10 11 13 15 17 21 21 19 18 16
16 15 14 13 13 13 13 13 12 12 12 14 16 18 23 27 30 32 31 29 24 19 16 16 16 18 19 20 20 20 18 16 14 11 11 10 10 10 10 10 11 13 14 15 16 16 14 13 12 10 9 8 7 7 8 9 10 11 11 11 12 11 12 12 13 15 18 19 22 22 21 20 19 18 15 13 12 11 11 11 11 11 11 11 11 11 11 11 12 13 14 16 16 17 14 13
17 16 15 15 14 14 13 13 13 12 13 12 14 18 21 24 27 27 27 26 21 18 16 15 15 16 17 18 18 19 17 14 13 11 10 10 9 10 11 11 12 13 13 14 15 15 14 13 13 10 9 9 8 9 11 12 15 17 17 16 15 14 14 14 15 16 17 21 25 28 30 31 28 25 21 18 15 12 12 12 12 11 12 13 12 13 12 12 12 11 11 12 12 13 12 11
20 19 18 18 16 15 14 14 13 13 13 13 13 17 19 22 25 25 25 24 21 17 15 15 14 15 15 16 17 16 16 14 13 11 9 10 9 10 11 11 12 12 13 13 14 14 13 13 12 10 10 10 11 13 14 17 21 21 21 19 18 18 16 16 16 16 19 25 31 35 38 40 37 34 29 22 18 15 13 13 14 14 14 14 14 13 13 12 12 11 11 11 10 10 10 10
23 22 20 20 18 16 15 14 13 14 14 15 15 17 18 21 21 21 22 22 22 20 19 16 15 14 14 15 15 16 16 14 12 11 10 10 10 10 11 11 11 12 12 11 12 12 12 11 11 10 9 9 11 14 15 20 22 23 23 22 21 20 20 20 21 21 22 28 33 41 46 48 48 46 41 33 27 23 18 16 16 16 16 15 15 15 14 13 11 10 10 9 9 9 9 10
22 21 20 19 18 16 14 13 13 15 15 18 18 18 18 18 19 19 20 22 23 23 20 17 16 14 15 16 16 17 17 16 14 12 11 10 11 11 11 10 10 10 10 10 11 11 11 11 10 10 9 10 11 14 16 19 20 21 21 21 22 23 23 24 24 26 28 34 39 45 52 55 55 52 50 43 34 28 21 20 20 18 19 18 16 15 13 12 11 10 10 9 9 9 9 9
17 17 15 16 16 14 14 14 14 16 17 17 18 18 17 17 16 18 20 23 25 24 25 23 21 20 22 22 23 22 23 20 17 14 12 10 11 10 11 10 9 10 10 10 10 11 11 11 10 10 10 10 11 13 14 15 16 17 18 19 20 21 23 26 29 33 35 39 45 48 52 56 58 56 54 50 41 36 31 28 27 25 23 20 17 15 13 11 11 10 10 9 9 9 9 9
13 13 12 12 12 13 13 13 13 15 16 16 17 17 16 15 15 16 17 21 25 25 27 27 27 27 28 28 28 27 25 22 19 17 14 13 11 11 11 10 9 9 10 10 11 12 12 12 11 11 10 10 11 12 13 14 14 14 14 16 17 20 23 28 35 42 46 48 52 54 56 59 59 59 59 54 51 47 41 36 34 31 26 22 19 16 13 12 11 11 10 10 10 9 9 9
12 12 11 11 11 12 12 12 13 13 14 14 15 16 15 13 13 15 16 19 24 26 26 28 29 32 39 40 40 40 36 30 26 19 15 13 11 11 10 11 10 10 10 11 12 13 13 13 12 11 10 10 11 12 12 12 13 12 13 14 16 20 25 31 40 47 52 54 57 58 59 60 60 60 59 58 54 51 46 41 37 34 29 26 22 17 14 13 12 13 12 11 11 11 10 9
14 12 11 11 11 12 12 12 12 12 13 14 15 16 16 15 15 15 16 18 23 26 28 33 38 43 45 49 49 50 47 41 33 22 19 14 12 11 10 10 10 10 10 12 13 14 14 14 13 12 12 11 11 12 13 13 13 13 13 14 16 20 27 35 46 50 54 57 58 59 59 60 60 60 60 58 56 53 48 40 36 33 29 24 21 18 15 14 13 14 13 13 13 13 14 13
15 14 12 12 13 13 12 12 13 12 12 13 14 15 16 17 20 20 21 22 25 28 32 38 43 48 52 53 54 54 49 44 35 27 19 14 12 11 10 10 9 10 10 11 13 14 15 15 13 12 12 12 12 13 14 15 14 14 14 14 17 24 31 39 46 52 54 57 57 59 59 59 60 60 59 58 54 51 45 35 31 28 25 23 21 18 16 15 15 16 16 17 17 17 16 15
21 17 13 12 12 12 12 12 12 12 12 13 14 18 20 24 28 28 27 27 28 30 33 38 44 48 49 50 52 53 50 46 36 27 21 16 13 11 11 11 10 10 11 12 14 14 16 14 13 12 12 12 12 14 15 15 15 15 15 16 19 25 34 39 47 51 52 54 55 58 58 59 59 60 59 56 52 47 42 34 27 24 22 20 18 16 16 15 15 16 16 16 17 17 17 17
25 19 14 12 13 13 13 12 11 11 12 12 14 18 22 26 31 32 31 30 31 32 36 39 43 44 44 45 48 48 44 42 33 27 19 16 14 13 13 12 12 11 12 12 14 15 15 15 14 13 13 14 13 14 16 16 16 16 16 17 20 24 30 35 41 45 49 52 55 57 57 58 58 57 55 50 47 39 34 28 23 21 20 19 18 17 15 15 14 15 15 16 15 16 15 15
25 18 15 14 13 13 13 12 12 12 13 13 16 19 22 26 31 32 31 32 32 34 37 39 39 39 37 37 38 40 40 36 32 23 18 15 14 13 13 12 12 12 12 13 15 16 17 18 18 18 17 15 15 15 16 16 16 17 17 18 20 22 26 30 33 36 42 49 53 56 57 56 56 53 48 40 35 29 26 24 22 21 21 19 19 17 16 15 14 12 12 12 11 11 12 12
20 16 14 13 13 14 14 14 13 14 15 15 18 19 21 23 25 26 27 28 31 32 36 38 37 36 32 32 30 30 29 25 22 18 16 14 13 13 13 13 13 14 15 18 20 25 26 27 26 22 21 18 17 15 15 16 16 17 18 19 20 20 20 24 24 30 36 43 49 53 54 53 49 48 40 34 29 27 24 23 21 21 20 19 19 17 16 15 14 12 11 10 10 10 10 10
16 14 12 13 13 14 14 15 16 18 19 18 19 20 20 23 24 25 25 27 29 30 33 33 32 29 27 25 22 21 19 17 16 15 14 13 13 12 13 14 17 19 22 26 29 32 32 31 32 30 27 24 20 17 16 18 19 20 22 22 22 20 19 18 20 23 29 39 45 48 50 47 45 39 33 28 24 23 22 21 20 20 20 19 19 18 16 15 13 11 11 10 9 9 9 9
12 12 11 12 12 14 15 16 17 19 20 21 22 21 22 24 27 31 29 31 30 30 29 29 28 25 24 22 20 19 17 16 14 14 13 13 13 13 15 17 19 21 24 31 38 41 44 45 45 41 35 29 22 19 18 18 19 21 22 22 22 20 17 17 17 19 25 31 38 41 43 41 37 33 26 22 18 18 18 18 19 20 21 21 20 18 17 15 13 12 11 10 9 9 9 9
10 10 10 11 12 12 14 16 18 19 21 23 25 28 32 36 39 41 39 38 35 33 32 30 28 25 25 22 21 19 17 15 13 12 12 12 12 13 15 17 21 28 32 39 44 48 50 49 47 42 35 28 22 20 18 18 19 21 21 19 19 18 17 16 16 19 23 27 33 35 35 30 27 23 19 16 15 15 16 18 20 21 22 22 23 21 19 18 16 14 12 11 10 10 9 9
9 9 10 10 12 13 14 15 17 18 21 24 28 34 39 41 45 45 48 45 42 39 37 36 33 31 28 25 22 21 18 17 14 12 11 12 12 13 15 17 19 26 35 41 49 50 50 49 45 38 31 26 23 21 21 21 20 20 18 17 16 17 16 16 17 19 23 26 29 31 31 28 24 21 16 14 14 14 14 16 18 20 23 24 25 25 24 22 20 17 14 13 12 10 10 10
8 8 8 9 11 13 13 14 16 17 21 26 33 41 45 47 50 52 52 52 51 49 48 45 44 37 32 28 23 20 18 17 14 13 12 12 12 13 13 16 19 24 32 39 45 46 45 42 36 31 26 26 26 27 28 26 22 20 19 17 15 15 15 15 17 19 22 28 30 30 29 27 21 19 16 14 13 13 13 15 18 20 22 24 25 27 27 24 23 21 18 16 13 12 11 11
8 8 8 10 10 12 12 12 14 15 20 26 36 43 50 54 55 55 56 55 55 54 53 50 48 43 36 30 25 19 17 16 15 14 13 13 13 13 14 14 17 20 26 31 38 41 39 39 34 29 27 27 28 29 31 30 27 23 20 16 16 14 13 14 16 18 21 26 28 29 28 27 22 20 16 14 14 13 14 15 17 19 23 25 27 30 31 31 29 26 21 19 16 13 12 11
7 7 8 9 9 10 11 12 13 16 19 25 34 40 49 53 54 54 55 55 56 56 56 55 53 49 41 34 25 20 17 15 14 14 13 13 13 14 14 15 16 19 20 25 30 33 35 36 34 32 29 29 31 33 34 34 32 29 24 20 17 14 14 14 15 17 20 22 25 27 28 26 22 21 19 15 14 14 14 17 21 24 28 31 33 33 33 33 32 28 24 20 17 14 13 12
