Module_7_Misc/data/palights.txt
ncols         700
nrows         307
xllcorner     -80.52083373125
yllcorner     39.71250014115
cellsize      0.0083333333
NODATA_value  -9999
[rows 120 to 179 of 307, columns 480 to 575 of 700]
7 6 6 6 6 6 6 6 6 5 5 5 5 5 5 6 7 7 8 8 8 7 7 7 6 6 6 6 5 5 6 6 6 6 6 6 6 6 6 6 7 8 8 9 9 9 9 9 8 9 10 10 10 10 10 10 12 15 18 22 23 23 20 21 22 25 32 37 44 50 57 61 62 63 63 63 63 63 63 63 62 62 62 61 60 59 54 46 35 28 23 17 14 13 12 11
6 6 6 6 6 6 5 5 5 5 5 5 5 5 5 6 6 7 7 7 8 7 7 6 6 6 6 6 6 6 6 6 6 6 6 6 6 6 6 7 7 8 9 9 10 9 9 8 8 9 9 10 10 9 10 10 12 13 14 15 16 17 17 20 24 28 37 46 51 57 60 62 63 63 63 63 63 63 63 63 63 62 61 60 58 53 48 42 29 23 18 13 12 11 10 9
6 6 6 6 5 5 5 5 5 5 5 5 5 5 5 6 6 6 7 7 6 6 6 6 6 6 6 6 6 6 6 6 6 6 6 6 6 6 7 7 8 9 9 9 10 10 9 9 9 9 9 9 9 9 9 10 10 11 12 13 14 15 17 21 26 32 41 51 56 60 60 61 63 63 63 63 63 63 63 63 62 61 58 55 52 46 40 33 23 17 14 11 9 9 8 8
6 5 5 5 5 5 5 5 5 5 5 6 6 6 6 7 7 7 6 6 6 5 6 6 6 6 6 6 6 6 6 6 6 6 6 7 7 7 7 8 8 9 9 10 11 11 10 10 9 9 10 10 10 10 9 10 11 12 14 15 17 20 20 26 30 38 48 55 58 61 61 61 62 62 62 62 63 63 63 61 60 59 53 49 44 35 30 24 18 15 11 10 8 8 8 8
6 5 5 5 5 5 5 5 5 5 5 6 6 7 7 8 8 8 8 7 6 6 6 6 6 6 6 6 6 6 6 6 6 6 6 7 7 7 7 8 8 8 9 9 10 10 10 10 10 10 11 11 12 12 11 11 12 14 17 25 28 30 32 34 37 41 49 56 58 61 61 61 62 62 62 62 61 60 59 57 53 47 40 37 36 28 24 22 17 12 10 9 7 7 7 7
5 5 5 5 5 5 5 5 5 5 5 6 7 8 9 9 10 9 8 7 7 6 6 6 6 6 6 6 7 7 7 7 6 6 7 7 7 7 7 8 8 8 8 9 9 10 10 10 10 12 14 14 15 16 14 13 14 18 24 31 35 40 43 44 45 47 51 55 58 61 61 61 61 61 59 59 56 51 47 45 40 36 31 25 27 24 21 20 17 12 10 9 7 7 7 7
5 5 5 5 5 5 5 5 5 5 6 6 8 9 11 12 12 11 10 8 8 6 6 6 7 7 6 7 7 7 7 7 7 7 7 7 7 8 8 8 8 8 8 8 8 8 9 9 11 13 16 21 21 21 19 16 16 21 26 36 42 48 49 50 51 52 53 56 59 60 59 59 58 54 53 48 45 42 38 31 27 26 22 20 22 22 22 21 18 14 12 10 8 8 8 8
5 5 5 5 6 5 5 5 5 5 6 7 8 10 13 14 14 13 11 9 8 7 6 6 7 7 7 7 7 7 8 8 8 8 8 8 8 8 8 9 9 9 8 8 8 8 8 9 13 15 22 27 28 29 25 20 18 23 27 37 48 53 55 54 52 51 53 53 56 56 54 52 52 46 42 39 35 32 27 23 21 19 18 18 21 22 22 21 18 16 13 12 11 10 9 9
5 5 5 5 5 5 5 5 5 5 6 6 8 9 11 13 14 12 11 9 8 7 6 6 7 7 6 7 7 7 7 8 8 8 8 8 8 8 9 9 9 9 8 8 8 8 8 9 14 19 26 35 35 33 29 22 19 22 26 35 44 51 51 48 46 45 45 47 47 49 46 42 39 34 35 33 31 27 23 21 18 16 15 17 18 19 19 18 16 14 13 12 13 12 12 10
5 5 5 5 5 5 5 6 6 5 5 6 7 8 10 12 11 10 10 8 7 7 6 6 7 7 7 6 7 7 7 7 7 8 7 8 8 8 10 10 10 10 9 8 8 7 7 9 14 20 26 33 34 32 26 23 19 20 25 30 36 43 41 39 37 34 34 34 34 35 33 31 30 30 32 33 33 31 25 22 17 15 13 13 14 15 16 14 13 12 12 12 12 12 12 10
5 5 5 5 5 5 5 6 6 5 5 5 6 7 8 9 8 8 8 8 7 7 6 6 6 6 6 6 7 7 7 7 7 7 7 7 8 8 9 10 10 11 10 10 10 8 7 7 12 16 21 26 28 26 22 19 17 17 21 22 26 28 28 27 27 27 28 27 27 25 25 26 27 30 36 39 40 36 31 23 18 15 12 11 10 10 10 9 10 9 10 10 10 11 10 9
5 5 5 5 5 6 6 6 5 5 5 6 6 6 6 7 8 8 8 8 7 7 7 6 6 7 7 6 7 7 6 6 6 7 7 7 7 7 8 10 11 11 13 13 12 11 9 8 9 11 13 16 17 18 17 14 14 14 15 15 18 19 21 21 22 24 25 25 26 25 25 27 32 37 43 45 45 41 32 24 19 14 10 9 8 8 8 8 8 8 8 8 9 8 8 8
6 5 5 5 5 6 6 6 6 5 6 5 6 6 6 7 7 8 8 7 7 7 6 6 7 6 6 6 6 6 6 6 6 6 7 7 7 7 7 9 10 12 14 16 15 14 11 9 9 8 9 10 11 11 11 11 11 12 11 12 13 15 16 18 21 23 25 25 27 27 29 34 39 44 51 53 49 42 36 24 19 12 9 8 8 7 7 7 7 7 7 7 7 7 7 6
8 7 6 6 6 6 6 6 6 5 6 6 6 6 6 7 7 7 7 7 6 6 6 7 7 6 6 6 6 6 6 6 6 7 7 6 6 6 6 8 9 12 15 17 16 15 12 11 10 8 8 8 9 9 9 9 9 10 10 10 10 12 14 17 20 22 25 26 29 32 36 44 50 52 56 56 51 44 33 24 17 12 9 9 7 7 7 7 6 7 6 6 6 6 6 6
10 8 7 7 6 6 7 7 7 7 6 6 6 6 6 6 6 7 6 6 6 6 6 6 7 7 6 6 6 6 6 6 6 6 6 6 7 6 6 7 9 11 13 15 15 14 12 10 10 8 8 7 7 7 8 8 9 9 9 10 10 11 13 15 17 20 24 26 31 36 40 48 54 56 58 58 53 41 30 22 15 10 8 8 8 8 7 7 7 7 6 6 6 6 6 6
15 12 9 8 7 7 7 7 7 7 7 6 6 6 6 6 6 6 6 6 6 6 6 6 6 6 6 6 6 6 7 7 7 7 6 6 7 7 6 7 8 10 11 12 12 12 11 9 9 8 7 8 7 8 8 9 9 9 9 9 10 11 12 14 16 18 21 26 29 36 42 49 54 56 56 54 50 39 26 19 13 10 8 7 7 7 7 7 7 7 7 7 7 6 6 6
18 14 10 9 8 7 8 8 8 7 7 6 6 6 6 7 7 6 6 6 6 6 6 6 7 7 7 6 6 6 6 7 6 6 7 7 7 7 7 7 8 8 10 11 10 10 10 9 8 8 7 7 7 8 8 8 8 9 9 9 10 11 13 14 17 18 20 24 27 32 38 42 46 49 47 45 38 30 22 15 11 8 7 7 7 7 8 8 8 8 8 8 7 7 6 6
18 15 11 8 8 8 8 8 8 8 7 7 6 6 7 7 7 7 6 6 6 6 5 6 6 6 6 7 7 7 7 7 7 7 7 7 7 7 7 7 8 10 14 15 16 18 14 11 8 7 7 7 7 8 8 8 8 8 9 9 10 12 13 15 17 18 19 23 25 27 31 34 37 38 36 32 25 23 15 12 9 8 8 7 7 8 8 9 9 9 9 8 7 6 6 6
13 11 9 7 7 7 8 8 8 8 8 8 7 7 8 8 8 7 6 6 7 6 6 6 6 6 6 7 8 8 8 8 8 7 7 8 8 8 8 10 13 17 22 25 29 29 23 18 12 9 7 7 7 7 8 8 8 8 8 9 11 12 14 16 17 18 19 20 22 23 23 24 25 26 24 19 17 12 10 9 8 7 7 7 7 8 9 9 9 9 9 8 7 6 6 6
9 8 8 7 7 7 7 8 8 8 9 9 9 9 9 8 8 7 7 6 7 7 6 6 6 7 7 8 8 8 9 10 11 10 12 11 10 9 9 11 15 24 32 37 38 37 31 23 15 10 8 7 7 7 8 8 8 8 9 10 10 12 13 15 17 18 18 19 19 19 19 18 15 13 12 11 9 8 7 7 7 7 7 7 7 8 9 9 9 9 9 9 7 6 6 6
8 8 7 7 7 7 7 7 8 8 9 10 11 11 10 9 9 7 7 7 7 7 7 8 8 8 9 10 12 14 15 17 17 17 16 14 11 11 10 12 17 26 33 42 43 41 35 26 16 11 9 7 7 7 7 8 8 8 9 9 10 11 12 14 17 18 18 19 16 15 13 12 10 9 8 7 7 7 7 7 6 6 7 7 8 8 9 9 10 9 9 9 9 8 9 10
7 8 8 8 7 7 7 8 8 9 10 11 12 12 11 10 8 7 7 7 8 8 9 9 10 10 11 13 14 16 18 22 26 28 27 23 21 18 14 14 18 27 34 40 41 38 31 23 15 12 9 8 8 8 8 8 8 9 9 9 10 11 12 15 17 18 19 18 16 12 10 9 8 7 7 7 7 6 7 7 6 7 7 7 8 9 10 11 12 13 11 11 11 11 13 16
8 8 9 9 8 8 7 8 8 9 11 12 13 13 11 11 9 9 9 9 9 9 10 10 11 11 13 16 20 23 30 34 39 41 42 40 32 26 21 17 19 23 28 33 33 31 25 21 14 11 10 8 8 8 8 8 8 9 9 9 10 10 13 15 18 19 20 19 16 13 10 9 8 8 7 7 7 7 7 7 7 7 7 8 10 13 17 19 19 19 17 15 13 14 16 19
8 8 9 9 9 9 9 9 10 11 13 13 14 13 12 12 11 11 11 11 11 11 11 12 14 17 20 27 34 40 46 51 53 53 53 48 40 31 25 19 18 20 24 24 24 20 18 14 11 10 9 9 8 8 9 9 9 9 9 10 10 11 14 17 19 20 21 20 18 15 11 10 9 9 8 7 7 7 7 8 8 8 9 11 12 16 20 22 24 23 21 18 15 15 16 19
8 8 9 9 10 10 11 11 12 13 14 15 15 15 15 13 13 14 14 14 15 16 15 18 19 23 30 37 43 48 53 56 57 56 55 49 42 32 25 19 17 18 19 18 15 13 12 10 9 9 9 9 9 8 9 9 10 10 10 10 11 12 15 18 22 24 24 22 21 17 14 13 11 10 9 8 7 8 8 9 10 11 10 13 15 18 21 24 26 25 22 19 15 13 12 14
9 9 12 10 12 13 13 13 15 16 19 19 19 18 17 16 18 21 23 23 22 22 21 23 24 28 35 41 46 51 54 55 53 49 45 39 33 24 20 17 17 17 17 16 14 13 11 10 9 9 10 10 10 10 10 10 10 11 13 14 14 16 17 20 22 24 25 24 22 19 17 15 15 14 12 10 10 9 9 9 11 12 12 13 15 17 20 21 23 22 19 17 13 11 10 10
9 12 16 20 20 18 20 22 25 30 32 33 29 25 25 22 22 24 28 29 30 30 29 29 31 35 42 45 47 48 46 45 42 39 35 32 25 22 16 14 14 14 15 14 13 12 11 10 10 11 12 12 12 12 13 12 13 14 15 16 17 20 19 21 23 24 24 23 22 21 20 19 19 18 18 15 15 10 10 10 11 11 12 13 14 15 16 18 18 17 14 13 11 8 8 7
19 25 30 32 31 31 31 32 36 41 41 39 39 34 31 30 29 31 35 36 39 38 36 35 34 33 36 38 39 38 37 37 34 30 26 21 18 14 12 11 11 11 11 10 10 10 10 10 10 12 15 16 16 17 16 15 14 15 17 18 20 22 23 24 26 25 24 24 23 22 23 25 26 28 25 22 19 15 11 10 10 10 11 11 12 12 13 14 14 13 11 9 8 7 7 6
27 36 43 44 44 43 40 42 45 48 49 49 47 42 38 36 35 35 37 38 39 38 36 32 30 30 30 31 30 29 27 27 21 19 18 14 11 10 9 9 9 9 9 9 9 9 9 10 11 13 16 18 19 19 18 17 17 17 19 22 25 26 28 30 30 29 27 26 23 21 24 28 31 35 37 31 26 20 12 11 10 9 10 10 11 10 9 10 9 8 7 7 7 6 6 6
27 36 46 52 54 53 54 55 56 57 56 57 55 51 43 37 34 34 32 30 31 31 28 25 25 21 21 22 19 17 16 17 15 14 13 11 11 9 9 9 8 8 8 8 8 8 9 10 12 14 17 20 21 22 22 22 21 21 23 27 30 34 37 37 37 33 30 26 23 21 23 30 34 38 39 36 27 20 12 10 9 8 8 8 8 8 8 7 7 7 7 7 7 6 6 6
28 39 49 55 56 58 59 59 58 57 56 55 51 48 41 32 28 25 24 22 22 19 16 13 13 13 13 12 12 13 13 15 14 13 11 10 9 9 9 8 8 8 8 9 9 9 9 11 13 15 18 24 28 31 30 29 31 30 30 34 36 39 43 42 43 40 34 30 25 22 23 28 32 35 35 32 24 19 13 8 8 7 7 7 6 6 7 6 6 7 7 7 7 6 6 6
23 31 40 49 54 57 57 57 56 53 51 46 40 36 32 23 18 15 12 11 11 11 11 10 10 9 9 10 10 11 12 12 11 10 9 9 9 9 8 8 8 9 8 8 9 10 10 12 15 17 24 31 36 39 40 40 39 41 43 46 48 48 50 51 50 46 42 34 28 23 23 25 27 29 25 22 18 14 11 9 7 6 6 6 6 6 6 6 7 8 8 7 7 6 6 5
20 28 34 41 45 46 49 47 43 37 34 28 23 19 17 15 14 12 11 9 9 8 7 7 8 8 7 8 9 8 8 8 8 8 8 9 9 9 9 9 9 9 9 10 9 10 10 12 14 19 26 33 38 43 46 47 48 50 53 52 55 56 56 57 57 52 47 38 31 26 23 21 21 22 19 16 13 10 9 8 7 7 6 7 6 6 7 7 7 8 8 7 7 6 5 5
16 20 24 29 32 32 33 33 30 27 24 19 17 14 13 11 10 10 9 9 8 7 7 7 7 7 7 7 7 7 7 7 7 7 7 8 9 9 9 9 9 10 10 9 9 9 9 11 14 17 24 29 35 40 44 48 52 55 57 58 59 60 60 59 59 57 52 45 37 28 23 21 16 15 14 11 10 9 8 7 7 7 7 7 7 7 7 7 8 8 8 7 7 6 6 5
14 17 17 20 24 25 26 27 26 23 17 14 11 9 9 9 9 8 8 7 7 6 6 7 7 7 7 6 6 7 7 6 7 7 7 8 8 8 9 9 9 9 9 9 9 9 9 10 11 14 19 21 25 33 39 45 50 58 60 61 61 61 62 61 61 60 56 51 41 30 23 19 15 13 12 8 7 7 7 7 8 8 8 8 8 8 8 8 8 8 8 7 7 6 6 5
14 14 15 16 18 21 21 20 18 15 11 9 8 8 8 7 8 8 8 7 7 6 6 6 7 7 7 6 6 6 6 6 6 6 7 7 7 7 8 8 9 9 9 9 8 8 9 9 10 12 14 17 20 26 36 43 48 57 60 62 61 62 62 62 61 61 58 54 44 33 24 18 13 11 9 7 6 6 7 7 9 9 11 12 12 12 10 9 8 7 7 7 6 6 6 5
10 11 12 14 17 20 21 20 16 14 10 8 7 7 7 7 7 7 7 7 6 6 6 6 6 6 7 6 6 6 6 6 6 6 6 6 6 6 7 8 9 9 10 10 9 10 10 10 11 12 14 17 20 26 34 44 51 56 59 60 60 61 62 62 62 61 59 55 45 34 27 18 13 10 8 7 6 7 8 11 16 19 20 20 19 16 12 11 8 7 6 6 6 5 5 5
8 8 10 12 15 18 21 20 17 14 10 8 7 7 7 6 6 6 6 6 6 6 6 6 6 6 6 6 6 6 5 6 5 6 6 6 6 6 7 8 10 11 11 12 12 12 11 13 15 16 17 22 26 33 41 51 56 58 58 57 57 57 60 61 61 61 60 56 49 36 27 19 14 11 9 8 8 8 10 15 18 24 28 31 28 22 15 12 8 6 5 6 6 5 5 5
8 8 8 10 13 15 18 16 14 12 10 8 7 6 6 6 6 6 6 6 5 5 5 5 5 5 5 6 6 5 5 6 6 6 6 6 6 6 7 8 10 11 12 13 13 15 16 19 22 22 29 31 35 42 52 56 60 60 58 56 51 52 55 57 58 58 57 53 46 37 28 20 15 13 10 9 8 9 11 16 22 30 33 34 30 25 15 12 9 6 5 6 5 5 5 5
8 8 8 9 10 11 12 12 11 9 8 7 6 6 6 6 6 6 6 6 5 5 5 5 5 5 5 5 5 5 5 5 6 6 6 6 6 6 7 8 10 10 11 12 14 18 21 25 29 31 36 41 44 51 55 58 60 59 55 50 47 46 46 50 53 50 47 43 36 30 25 20 16 13 12 9 9 9 10 15 20 25 28 30 27 22 16 10 8 6 6 5 5 5 5 6
9 10 10 10 9 9 10 9 9 9 8 7 7 7 6 6 6 6 6 5 5 5 5 5 5 5 5 5 5 5 5 5 5 6 6 6 6 6 7 8 8 9 10 12 14 17 22 27 34 41 43 47 51 53 56 56 56 53 47 41 39 37 39 43 45 42 38 34 26 23 20 17 15 13 12 10 9 9 9 12 15 18 20 19 17 15 11 8 7 6 5 6 6 6 6 6
9 10 10 11 10 9 9 8 8 8 8 7 8 8 8 7 7 7 6 6 5 5 5 5 5 5 5 5 5 5 6 5 6 6 6 6 6 6 7 7 8 9 9 11 13 16 22 28 36 43 48 50 52 52 51 48 47 43 40 35 32 34 36 38 38 33 30 26 21 18 15 15 13 12 11 10 9 9 9 9 11 12 11 11 11 8 7 6 6 6 6 6 6 6 6 7
10 12 12 12 11 10 9 8 8 8 8 8 8 8 8 8 7 7 6 6 5 5 5 5 5 5 5 5 5 5 5 5 6 6 6 7 7 7 7 7 7 8 8 10 11 14 20 27 34 42 44 45 46 45 40 36 35 34 29 29 30 34 36 38 34 29 22 18 14 12 11 11 11 10 10 9 9 9 8 8 8 8 7 6 6 6 6 6 6 6 6 7 7 8 11 11
11 12 13 12 11 10 9 8 8 9 9 9 9 9 9 8 7 7 6 6 6 6 6 5 5 5 5 5 5 5 6 6 6 7 7 7 7 7 7 7 7 8 8 9 10 12 16 21 25 29 32 33 30 28 26 24 22 21 23 26 30 33 35 36 32 24 18 15 12 9 9 10 10 10 9 9 8 8 8 7 7 7 7 6 6 6 6 6 6 7 10 11 12 15 16 16
10 12 12 12 11 10 9 8 8 9 9 9 9 9 9 8 7 7 6 6 5 6 6 5 5 6 5 5 5 5 6 7 7 7 8 8 7 7 7 7 7 8 8 8 9 10 14 16 17 19 19 18 16 15 16 13 13 13 17 21 27 31 33 31 27 20 15 12 10 9 9 8 8 8 8 8 7 7 7 7 7 7 7 7 8 9 10 9 8 9 12 16 18 24 25 24
11 12 12 9 9 9 8 7 7 8 9 10 10 9 9 8 8 7 7 6 6 6 6 6 6 6 5 5 5 5 7 7 8 8 8 8 7 7 7 8 7 8 7 8 8 9 9 11 11 11 11 10 10 9 9 9 10 12 15 19 24 28 28 25 23 18 13 10 8 8 8 8 8 8 8 7 7 7 7 8 9 13 15 17 18 15 14 13 11 12 15 22 27 31 35 32
11 10 10 9 8 8 7 7 7 7 8 9 9 9 8 8 7 7 6 6 6 5 6 6 6 6 6 6 6 6 7 8 10 11 11 10 9 8 8 8 9 9 9 8 8 8 8 9 8 8 8 8 7 8 8 9 10 12 16 18 21 23 22 19 17 14 10 9 8 7 7 7 7 7 8 8 10 10 10 11 12 17 20 22 24 24 20 17 15 15 18 27 33 37 40 38
12 11 10 10 7 7 6 6 7 7 8 8 8 8 7 7 7 7 6 6 6 5 6 6 6 6 6 6 6 7 9 12 15 16 16 13 11 10 9 9 9 9 9 9 9 8 8 8 7 8 7 8 8 8 9 9 10 13 14 17 19 21 19 17 15 12 9 8 7 7 7 8 9 10 11 13 14 14 14 14 16 19 24 28 29 28 21 17 16 16 19 25 33 36 38 36
11 10 8 8 7 7 6 6 7 7 7 8 8 8 7 7 7 6 5 6 5 6 6 5 5 6 7 7 8 9 11 14 16 17 17 16 13 11 10 11 9 10 9 9 9 8 8 8 8 7 8 8 10 9 13 12 13 16 17 17 19 19 18 18 15 14 11 9 9 7 8 9 11 13 15 17 19 19 17 18 18 19 22 24 25 25 21 18 15 15 18 22 30 33 37 38
11 9 8 8 7 7 6 7 7 7 7 8 8 8 7 7 6 6 6 6 6 6 6 6 6 6 7 7 8 9 11 13 16 18 17 17 16 16 14 13 12 10 9 8 8 8 8 8 8 8 9 11 11 14 16 18 20 23 25 24 23 22 21 23 21 19 15 10 11 9 11 12 15 18 20 24 26 27 24 21 19 17 18 20 21 18 17 14 13 13 15 20 28 32 37 41
10 9 9 8 8 8 7 7 7 7 7 7 8 8 8 7 7 6 6 6 6 6 6 6 6 6 7 7 9 9 10 12 14 17 19 20 22 22 21 19 15 12 12 10 9 11 11 11 11 10 11 13 14 18 21 26 29 31 32 31 30 30 32 31 29 25 21 14 13 12 13 15 19 24 31 35 35 33 30 24 20 17 14 14 14 13 12 11 12 14 17 21 29 37 41 47
9 9 10 10 9 10 8 9 9 8 8 8 9 9 10 9 7 7 7 6 7 6 6 7 6 7 8 8 9 8 9 11 14 17 20 24 26 30 30 25 22 18 18 17 16 17 16 16 14 13 13 13 16 18 23 27 30 33 33 33 33 34 36 37 36 31 27 19 16 16 17 19 25 31 37 39 40 37 31 26 21 16 13 10 10 10 10 10 11 15 18 25 34 44 47 52
11 10 12 12 13 14 13 12 12 12 11 11 12 13 12 11 9 8 8 7 8 8 9 8 8 8 9 9 9 10 10 11 14 19 23 29 37 39 39 41 35 31 27 26 23 22 22 19 18 16 15 15 16 17 22 25 26 29 28 28 30 32 36 38 39 35 31 25 20 18 19 21 25 32 36 40 38 32 29 23 18 14 12 10 10 9 10 10 12 18 24 32 42 51 54 55
13 12 12 14 15 19 20 20 21 21 19 20 20 18 17 13 11 9 10 10 11 11 10 10 10 9 9 11 11 12 12 12 17 24 28 37 43 46 47 47 44 36 32 31 32 31 31 28 25 21 17 14 14 15 17 19 20 21 20 19 21 25 32 37 40 39 36 32 23 20 19 20 21 23 27 27 27 25 24 19 15 13 11 10 10 9 10 12 14 21 29 37 43 51 53 52
20 17 18 19 24 26 26 25 29 30 33 33 32 30 23 18 14 12 12 12 13 13 12 12 12 12 13 15 17 18 18 19 21 26 30 38 45 48 50 49 47 43 39 37 34 35 36 35 30 25 20 15 13 13 13 15 13 13 13 14 15 20 28 36 43 44 40 36 29 20 17 16 15 16 17 17 16 16 15 14 12 10 10 10 11 11 12 14 16 21 28 36 41 45 46 44
27 27 28 30 31 30 30 31 32 34 35 35 36 32 26 20 15 14 15 16 18 20 19 19 17 17 17 17 18 19 20 22 24 30 34 40 49 50 54 55 54 48 41 36 34 34 36 34 31 25 19 13 10 10 10 11 11 11 11 11 12 17 26 34 43 46 43 37 29 20 16 12 10 10 10 10 10 10 10 10 10 9 10 10 11 13 13 15 17 19 24 29 30 32 29 28
32 31 31 31 30 31 29 30 31 34 35 36 34 29 24 20 17 17 20 22 23 26 25 24 22 21 21 21 20 20 25 29 35 41 46 50 53 54 55 55 54 48 41 34 27 27 27 28 25 18 15 12 10 9 9 9 10 10 10 10 11 15 20 31 38 41 39 33 27 18 15 11 8 8 9 9 8 8 8 9 9 9 9 10 11 12 12 14 15 16 17 18 20 21 21 19
30 28 30 28 27 23 25 25 26 25 27 27 25 23 21 19 18 18 21 25 26 28 28 27 26 26 26 24 21 20 24 31 39 48 51 54 55 55 56 52 48 43 31 23 19 16 13 13 12 11 10 9 8 8 8 10 10 10 11 11 12 14 18 25 29 31 31 26 22 16 12 10 8 8 8 8 8 9 9 9 9 9 10 10 11 11 11 12 13 13 14 15 14 15 14 14
22 21 19 18 18 18 19 18 20 21 21 21 21 20 18 17 19 20 23 26 27 28 30 30 29 28 26 23 21 19 21 27 39 49 54 56 56 53 49 39 28 23 17 16 12 10 10 10 9 9 8 8 8 8 10 11 11 11 12 13 12 13 14 17 18 19 19 18 16 13 10 10 9 9 9 9 9 9 9 9 10 9 10 10 11 11 10 10 11 11 11 11 11 10 10 10
14 15 15 15 14 14 13 12 13 13 14 13 14 15 16 17 18 20 22 24 25 26 27 28 28 28 26 21 19 16 19 22 34 41 45 47 47 42 38 29 21 17 14 11 10 9 8 9 8 9 8 8 10 10 11 12 13 12 12 12 12 12 12 11 12 13 13 13 12 12 11 10 10 10 10 10 11 10 10 10 9 9 9 10 10 10 10 10 10 11 11 11 10 10 9 9
